,FIPS,hospitals,icu_beds
0,1001,1,6
1,1003,3,51
2,1005,1,5
3,1007,1,0
4,1009,1,6
5,1011,1,0
6,1013,1,7
7,1015,2,24
8,1017,0,0
9,1019,1,0
10,1021,1,6
11,1023,1,0
12,1025,2,0
13,1027,1,4
14,1029,0,0
15,1031,1,7
16,1033,2,22
17,1035,1,0
18,1037,0,0
19,1039,2,13
20,1041,1,0
21,1043,1,12
22,1045,1,6
23,1047,1,18
24,1049,1,12
25,1051,2,5
26,1053,2,14
27,1055,2,56
28,1057,2,12
29,1059,2,7
30,1061,1,6
31,1063,1,0
32,1065,1,0
33,1067,0,0
34,1069,2,66
35,1071,1,10
36,1073,8,471
37,1075,0,0
38,1077,1,48
39,1079,1,6
40,1081,1,28
41,1083,1,10
42,1085,0,0
43,1087,0,0
44,1089,2,100
45,1091,1,5
46,1093,1,4
47,1095,1,20
48,1097,4,157
49,1099,1,8
50,1101,3,88
51,1103,1,34
52,1105,0,0
53,1107,1,4
54,1109,1,9
55,1111,1,0
56,1113,1,8
57,1115,1,6
58,1117,1,32
59,1119,1,0
60,1121,2,14
61,1123,2,6
62,1125,1,84
63,1127,1,12
64,1129,1,0
65,1131,1,0
66,1133,1,4
67,2013,0,0
68,2016,0,0
69,2020,3,73
70,2050,1,0
71,2060,0,0
72,2068,0,0
73,2070,1,0
74,2090,1,13
75,2100,0,0
76,2105,0,0
77,2110,1,9
78,2122,3,6
79,2130,1,4
80,2150,1,0
81,2158,0,0
82,2164,0,0
83,2170,1,14
84,2180,1,0
85,2185,1,0
86,2188,1,0
87,2195,1,0
88,2198,0,0
89,2220,2,0
90,2230,0,0
91,2240,0,0
92,2261,2,0
93,2275,1,0
94,2282,0,0
95,2290,0,0
96,4001,4,0
97,4003,4,12
98,4005,3,41
99,4007,3,8
100,4009,1,0
101,4011,0,0
102,4012,2,3
103,4013,34,1004
104,4015,4,80
105,4017,4,12
106,4019,9,296
107,4021,4,22
108,4023,1,0
109,4025,2,39
110,4027,1,42
111,5001,2,0
112,5003,1,6
113,5005,2,17
114,5007,3,30
115,5009,1,24
116,5011,1,0
117,5013,0,0
118,5015,2,0
119,5017,1,0
120,5019,1,0
121,5021,1,0
122,5023,1,0
123,5025,0,0
124,5027,1,6
125,5029,1,0
126,5031,2,66
127,5033,1,8
128,5035,1,0
129,5037,1,0
130,5039,1,0
131,5041,2,0
132,5043,1,5
133,5045,2,25
134,5047,1,0
135,5049,1,0
136,5051,3,41
137,5053,0,0
138,5055,1,8
139,5057,1,8
140,5059,1,6
141,5061,1,0
142,5063,1,12
143,5065,0,0
144,5067,0,0
145,5069,1,34
146,5071,1,8
147,5073,0,0
148,5075,1,0
149,5077,0,0
150,5079,0,0
151,5081,1,0
152,5083,2,0
153,5085,0,0
154,5087,0,0
155,5089,0,0
156,5091,0,0
157,5093,2,5
158,5095,0,0
159,5097,0,0
160,5099,0,0
161,5101,0,0
162,5103,1,8
163,5105,0,0
164,5107,1,6
165,5109,0,0
166,5111,0,0
167,5113,1,6
168,5115,1,11
169,5117,0,0
170,5119,8,209
171,5121,1,2
172,5123,1,6
173,5125,1,16
174,5127,1,0
175,5129,0,0
176,5131,2,69
177,5133,0,0
178,5135,0,0
179,5137,1,0
180,5139,1,16
181,5141,1,0
182,5143,3,61
183,5145,1,13
184,5147,0,0
185,5149,2,0
186,6001,12,282
187,6003,0,0
188,6005,1,6
189,6007,4,43
190,6009,1,0
191,6011,1,0
192,6013,7,163
193,6015,1,6
194,6017,2,28
195,6019,7,164
196,6021,1,0
197,6023,4,32
198,6025,2,28
199,6027,2,4
200,6029,10,144
201,6031,1,22
202,6033,2,8
203,6035,1,0
204,6037,76,2126
205,6039,1,10
206,6041,3,66
207,6043,1,0
208,6045,3,14
209,6047,2,24
210,6049,2,0
211,6051,1,2
212,6053,4,27
213,6055,2,32
214,6057,2,10
215,6059,24,651
216,6061,3,70
217,6063,3,0
218,6065,16,351
219,6067,8,396
220,6069,1,8
221,6071,18,410
222,6073,15,570
223,6075,10,337
224,6077,7,121
225,6079,3,46
226,6081,7,131
227,6083,5,82
228,6085,9,313
229,6087,3,22
230,6089,4,81
231,6091,0,0
232,6093,2,4
233,6095,4,92
234,6097,8,82
235,6099,5,88
236,6101,1,0
237,6103,1,8
238,6105,1,0
239,6107,4,51
240,6109,1,6
241,6111,7,139
242,6113,2,14
243,6115,1,24
244,8001,3,168
245,8003,1,6
246,8005,3,127
247,8007,1,0
248,8009,1,0
249,8011,0,0
250,8013,5,72
251,8014,1,20
252,8015,1,2
253,8017,1,0
254,8019,0,0
255,8021,1,0
256,8023,0,0
257,8025,0,0
258,8027,0,0
259,8029,1,6
260,8031,6,227
261,8033,0,0
262,8035,3,54
263,8037,1,5
264,8039,0,0
265,8041,3,95
266,8043,1,4
267,8045,2,5
268,8047,0,0
269,8049,1,0
270,8051,1,0
271,8053,0,0
272,8055,1,0
273,8057,0,0
274,8059,4,94
275,8061,1,0
276,8063,1,0
277,8065,1,0
278,8067,2,11
279,8069,5,55
280,8071,1,0
281,8073,1,0
282,8075,1,4
283,8077,3,44
284,8079,0,0
285,8081,1,0
286,8083,1,4
287,8085,1,8
288,8087,2,6
289,8089,1,506
290,8091,0,0
291,8093,0,0
292,8095,2,0
293,8097,1,4
294,8099,1,0
295,8101,2,32
296,8103,2,0
297,8105,1,0
298,8107,1,4
299,8109,0,0
300,8111,0,0
301,8113,0,0
302,8115,1,0
303,8117,1,8
304,8119,1,0
305,8121,0,0
306,8123,1,26
307,8125,2,0
308,9001,6,173
309,9003,7,216
310,9005,2,21
311,9007,1,24
312,9009,8,186
313,9011,2,32
314,9013,2,16
315,9015,2,6
316,10001,1,29
317,10003,2,119
318,10005,3,38
319,11001,6,314
320,12001,2,210
321,12003,1,0
322,12005,2,77
323,12007,1,0
324,12009,7,159
325,12011,14,587
326,12013,1,0
327,12015,3,51
328,12017,2,40
329,12019,2,28
330,12021,2,73
331,12023,2,27
332,12027,1,8
333,12029,0,0
334,12031,7,412
335,12033,3,120
336,12035,1,18
337,12037,1,0
338,12039,1,0
339,12041,0,0
340,12043,0,0
341,12045,1,0
342,12047,0,0
343,12049,1,0
344,12051,1,3
345,12053,2,44
346,12055,2,38
347,12057,8,432
348,12059,1,0
349,12061,2,40
350,12063,1,7
351,12065,0,0
352,12067,0,0
353,12069,4,158
354,12071,4,141
355,12073,2,60
356,12075,1,0
357,12077,0,0
358,12079,1,0
359,12081,3,90
360,12083,2,110
361,12085,1,74
362,12086,17,593
363,12087,3,14
364,12089,1,0
365,12091,3,57
366,12093,1,8
367,12095,3,388
368,12097,3,66
369,12099,12,401
370,12101,6,166
371,12103,10,279
372,12105,5,145
373,12107,1,10
374,12109,1,47
375,12111,2,69
376,12113,3,16
377,12115,4,118
378,12117,2,38
379,12119,0,0
380,12121,1,0
381,12123,1,6
382,12125,1,0
383,12127,5,148
384,12129,0,0
385,12131,2,28
386,12133,1,0
387,13001,1,3
388,13003,0,0
389,13005,1,4
390,13007,0,0
391,13009,1,12
392,13011,0,0
393,13013,1,6
394,13015,1,21
395,13017,1,5
396,13019,1,0
397,13021,3,117
398,13023,1,0
399,13025,0,0
400,13027,1,0
401,13029,0,0
402,13031,1,24
403,13033,1,0
404,13035,1,0
405,13037,0,0
406,13039,1,5
407,13043,1,6
408,13045,2,18
409,13047,1,0
410,13049,0,0
411,13051,3,78
412,13053,0,0
413,13055,0,0
414,13057,1,15
415,13059,2,104
416,13061,0,0
417,13063,1,34
418,13065,1,0
419,13067,2,119
420,13069,1,10
421,13071,2,10
422,13073,0,0
423,13075,1,0
424,13077,2,19
425,13079,0,0
426,13081,1,16
427,13083,0,0
428,13085,0,0
429,13087,1,10
430,13089,3,168
431,13091,1,6
432,13093,1,0
433,13095,1,50
434,13097,1,8
435,13099,1,0
436,13101,0,0
437,13103,1,0
438,13105,1,4
439,13107,1,8
440,13109,1,0
441,13111,1,5
442,13113,1,37
443,13115,2,65
444,13117,1,24
445,13119,1,8
446,13121,7,538
447,13123,0,0
448,13125,0,0
449,13127,1,24
450,13129,1,8
451,13131,1,4
452,13133,1,0
453,13135,3,82
454,13137,1,4
455,13139,1,85
456,13141,0,0
457,13143,1,0
458,13145,0,0
459,13147,0,0
460,13149,0,0
461,13151,1,40
462,13153,2,36
463,13155,1,0
464,13157,1,0
465,13159,1,0
466,13161,1,4
467,13163,1,0
468,13165,1,0
469,13167,0,0
470,13169,0,0
471,13171,0,0
472,13173,1,0
473,13175,1,16
474,13177,0,0
475,13179,1,0
476,13181,0,0
477,13183,0,0
478,13185,1,48
479,13187,0,0
480,13189,1,0
481,13191,0,0
482,13193,0,0
483,13195,0,0
484,13197,0,0
485,13199,1,0
486,13201,1,0
487,13205,1,0
488,13207,1,0
489,13209,0,0
490,13211,1,0
491,13213,1,0
492,13215,3,61
493,13217,1,10
494,13219,0,0
495,13221,0,0
496,13223,1,8
497,13225,1,0
498,13227,1,6
499,13229,0,0
500,13231,0,0
501,13233,1,0
502,13235,1,6
503,13237,1,0
504,13239,0,0
505,13241,1,0
506,13243,1,0
507,13245,3,264
508,13247,1,16
509,13249,0,0
510,13251,1,0
511,13253,1,0
512,13255,1,22
513,13257,1,6
514,13259,0,0
515,13261,1,10
516,13263,0,0
517,13265,0,0
518,13267,1,0
519,13269,0,0
520,13271,0,0
521,13273,0,0
522,13275,1,35
523,13277,1,20
524,13279,1,8
525,13281,1,0
526,13283,0,0
527,13285,1,20
528,13287,0,0
529,13289,0,0
530,13291,1,5
531,13293,1,28
532,13295,0,0
533,13297,1,7
534,13299,1,22
535,13301,0,0
536,13303,1,0
537,13305,1,12
538,13307,0,0
539,13309,0,0
540,13311,0,0
541,13313,1,34
542,13315,0,0
543,13317,1,0
544,13319,0,0
545,13321,1,0
546,15001,6,24
547,15003,8,148
548,15005,0,0
549,15007,3,9
550,15009,4,20
551,16001,3,105
552,16003,0,0
553,16005,1,20
554,16007,1,0
555,16009,1,0
556,16011,2,5
557,16013,1,0
558,16015,0,0
559,16017,1,4
560,16019,2,35
561,16021,1,0
562,16023,1,0
563,16025,0,0
564,16027,3,41
565,16029,1,0
566,16031,1,6
567,16033,0,0
568,16035,1,0
569,16037,0,0
570,16039,1,0
571,16041,1,0
572,16043,0,0
573,16045,1,0
574,16047,1,0
575,16049,2,0
576,16051,0,0
577,16053,1,0
578,16055,2,55
579,16057,1,0
580,16059,1,0
581,16061,0,0
582,16063,0,0
583,16065,1,4
584,16067,1,0
585,16069,1,9
586,16071,1,0
587,16073,0,0
588,16075,0,0
589,16077,1,0
590,16079,1,0
591,16081,1,0
592,16083,1,30
593,16085,2,0
594,16087,1,0
595,17001,1,25
596,17003,0,0
597,17005,1,0
598,17007,0,0
599,17009,0,0
600,17011,2,9
601,17013,0,0
602,17015,0,0
603,17017,0,0
604,17019,2,51
605,17021,2,0
606,17023,0,0
607,17025,1,0
608,17027,1,4
609,17029,1,9
610,17031,46,1606
611,17033,1,0
612,17035,0,0
613,17037,2,16
614,17039,1,0
615,17041,0,0
616,17043,6,257
617,17045,1,0
618,17047,0,0
619,17049,1,10
620,17051,1,4
621,17053,1,2
622,17055,1,0
623,17057,1,5
624,17059,0,0
625,17061,1,0
626,17063,1,8
627,17065,1,0
628,17067,1,0
629,17069,1,0
630,17071,0,0
631,17073,2,3
632,17075,1,0
633,17077,2,21
634,17079,0,0
635,17081,2,22
636,17083,1,4
637,17085,1,0
638,17087,0,0
639,17089,5,103
640,17091,2,56
641,17093,0,0
642,17095,2,18
643,17097,6,108
644,17099,3,13
645,17101,1,0
646,17103,1,6
647,17105,1,5
648,17107,1,0
649,17109,1,7
650,17111,2,33
651,17113,2,30
652,17115,2,65
653,17117,2,0
654,17119,5,58
655,17121,2,9
656,17123,0,0
657,17125,1,0
658,17127,1,0
659,17129,0,0
660,17131,1,0
661,17133,0,0
662,17135,2,0
663,17137,1,9
664,17139,0,0
665,17141,1,4
666,17143,3,107
667,17145,2,0
668,17147,1,0
669,17149,1,0
670,17151,0,0
671,17153,0,0
672,17155,0,0
673,17157,3,0
674,17159,1,8
675,17161,2,58
676,17163,4,42
677,17165,2,0
678,17167,2,99
679,17169,1,0
680,17171,0,0
681,17173,1,0
682,17175,0,0
683,17177,1,8
684,17179,2,8
685,17181,1,0
686,17183,2,12
687,17185,1,4
688,17187,1,0
689,17189,1,0
690,17191,1,4
691,17193,0,0
692,17195,2,9
693,17197,3,92
694,17199,2,26
695,17201,3,87
696,17203,1,0
697,18001,1,4
698,18003,6,170
699,18005,1,17
700,18007,0,0
701,18009,1,0
702,18011,1,8
703,18013,0,0
704,18015,0,0
705,18017,1,5
706,18019,1,25
707,18021,1,0
708,18023,1,0
709,18025,0,0
710,18027,1,5
711,18029,1,8
712,18031,1,0
713,18033,1,8
714,18035,1,36
715,18037,1,26
716,18039,2,35
717,18041,1,20
718,18043,2,16
719,18045,0,0
720,18047,1,7
721,18049,1,4
722,18051,1,5
723,18053,1,19
724,18055,1,5
725,18057,5,10
726,18059,1,24
727,18061,1,4
728,18063,3,39
729,18065,1,10
730,18067,2,13
731,18069,1,0
732,18071,1,7
733,18073,1,4
734,18075,1,0
735,18077,1,6
736,18079,1,0
737,18081,1,6
738,18083,1,30
739,18085,1,14
740,18087,1,0
741,18089,9,188
742,18091,2,34
743,18093,2,6
744,18095,3,21
745,18097,9,526
746,18099,2,7
747,18101,0,0
748,18103,1,4
749,18105,2,38
750,18107,1,5
751,18109,1,10
752,18111,0,0
753,18113,1,0
754,18115,0,0
755,18117,1,0
756,18119,0,0
757,18121,0,0
758,18123,1,4
759,18125,0,0
760,18127,1,32
761,18129,0,0
762,18131,1,0
763,18133,1,6
764,18135,1,0
765,18137,0,0
766,18139,1,0
767,18141,3,74
768,18143,1,4
769,18145,1,0
770,18147,0,0
771,18149,1,1
772,18151,1,2
773,18153,1,4
774,18155,0,0
775,18157,2,30
776,18159,1,0
777,18161,0,0
778,18163,2,154
779,18165,1,6
780,18167,2,54
781,18169,1,0
782,18171,1,0
783,18173,2,24
784,18175,1,0
785,18177,1,30
786,18179,1,7
787,18181,1,0
788,18183,1,0
789,19001,1,0
790,19003,1,0
791,19005,1,0
792,19007,1,3
793,19009,1,0
794,19011,1,0
795,19013,3,24
796,19015,1,3
797,19017,2,0
798,19019,1,0
799,19021,1,5
800,19023,0,0
801,19025,1,2
802,19027,2,6
803,19029,1,4
804,19031,0,0
805,19033,1,18
806,19035,1,0
807,19037,1,0
808,19039,1,0
809,19041,1,0
810,19043,2,0
811,19045,2,10
812,19047,1,0
813,19049,1,0
814,19051,1,0
815,19053,1,0
816,19055,1,0
817,19057,1,12
818,19059,1,3
819,19061,3,18
820,19063,1,0
821,19065,2,0
822,19067,1,0
823,19069,1,0
824,19071,1,0
825,19073,1,4
826,19075,1,0
827,19077,1,0
828,19079,1,0
829,19081,1,0
830,19083,1,0
831,19085,1,0
832,19087,1,0
833,19089,1,0
834,19091,1,0
835,19093,1,0
836,19095,1,0
837,19097,1,0
838,19099,1,4
839,19101,1,0
840,19103,2,95
841,19105,1,0
842,19107,1,0
843,19109,1,0
844,19111,2,10
845,19113,2,44
846,19115,0,0
847,19117,1,0
848,19119,1,0
849,19121,1,0
850,19123,1,0
851,19125,2,3
852,19127,1,0
853,19129,0,0
854,19131,1,0
855,19133,1,0
856,19135,1,0
857,19137,1,8
858,19139,1,5
859,19141,2,0
860,19143,1,0
861,19145,2,2
862,19147,1,0
863,19149,1,0
864,19151,1,0
865,19153,4,112
866,19155,2,29
867,19157,1,5
868,19159,1,0
869,19161,1,0
870,19163,2,46
871,19165,1,0
872,19167,4,0
873,19169,2,14
874,19171,0,0
875,19173,0,0
876,19175,1,4
877,19177,1,0
878,19179,1,11
879,19181,0,0
880,19183,1,0
881,19185,1,0
882,19187,1,8
883,19189,0,0
884,19191,1,0
885,19193,2,33
886,19195,0,0
887,19197,2,0
888,20001,1,0
889,20003,1,0
890,20005,1,4
891,20007,2,0
892,20009,3,4
893,20011,0,0
894,20013,1,0
895,20015,2,16
896,20017,0,0
897,20019,1,0
898,20021,2,0
899,20023,1,0
900,20025,1,0
901,20027,1,0
902,20029,1,0
903,20031,0,0
904,20033,1,0
905,20035,2,4
906,20037,2,12
907,20039,1,0
908,20041,2,0
909,20043,0,0
910,20045,1,10
911,20047,1,0
912,20049,0,0
913,20051,1,34
914,20053,1,0
915,20055,1,8
916,20057,2,10
917,20059,1,5
918,20061,1,6
919,20063,1,0
920,20065,1,0
921,20067,1,0
922,20069,0,0
923,20071,1,0
924,20073,1,0
925,20075,1,0
926,20077,1,0
927,20079,1,6
928,20081,1,0
929,20083,1,0
930,20085,1,0
931,20087,1,0
932,20089,1,0
933,20091,9,110
934,20093,1,0
935,20095,1,0
936,20097,1,0
937,20099,2,5
938,20101,1,0
939,20103,2,10
940,20105,1,0
941,20107,0,0
942,20109,1,0
943,20111,1,6
944,20113,3,7
945,20115,2,0
946,20117,1,0
947,20119,1,0
948,20121,1,0
949,20123,1,4
950,20125,1,7
951,20127,1,0
952,20129,1,0
953,20131,2,0
954,20133,1,5
955,20135,2,0
956,20137,1,0
957,20139,0,0
958,20141,1,0
959,20143,1,0
960,20145,1,0
961,20147,1,0
962,20149,2,0
963,20151,1,6
964,20153,1,0
965,20155,2,20
966,20157,1,0
967,20159,1,0
968,20161,2,8
969,20163,1,0
970,20165,1,0
971,20167,1,0
972,20169,2,18
973,20171,1,0
974,20173,6,236
975,20175,1,8
976,20177,2,52
977,20179,1,0
978,20181,1,0
979,20183,1,0
980,20185,1,0
981,20187,1,0
982,20189,1,0
983,20191,2,0
984,20193,1,1
985,20195,1,0
986,20197,0,0
987,20199,0,0
988,20201,2,0
989,20203,1,0
990,20205,2,0
991,20207,0,0
992,20209,2,145
993,21001,1,0
994,21003,1,0
995,21005,0,0
996,21007,0,0
997,21009,1,10
998,21011,0,0
999,21013,2,7
1000,21015,1,18
1001,21017,1,4
1002,21019,2,50
1003,21021,1,22
1004,21023,0,0
1005,21025,1,4
1006,21027,1,0
1007,21029,0,0
1008,21031,0,0
1009,21033,1,0
1010,21035,1,10
1011,21037,1,21
1012,21039,0,0
1013,21041,1,0
1014,21043,0,0
1015,21045,1,0
1016,21047,1,18
1017,21049,1,8
1018,21051,1,6
1019,21053,1,0
1020,21055,1,0
1021,21057,1,0
1022,21059,1,32
1023,21061,0,0
1024,21063,0,0
1025,21065,1,0
1026,21067,4,260
1027,21069,1,3
1028,21071,3,16
1029,21073,1,10
1030,21075,0,0
1031,21077,0,0
1032,21079,0,0
1033,21081,1,0
1034,21083,1,8
1035,21085,1,6
1036,21087,1,0
1037,21089,0,0
1038,21091,0,0
1039,21093,1,20
1040,21095,1,7
1041,21097,1,6
1042,21099,1,0
1043,21101,1,12
1044,21103,0,0
1045,21105,0,0
1046,21107,1,19
1047,21109,0,0
1048,21111,4,366
1049,21113,0,0
1050,21115,1,6
1051,21117,1,54
1052,21119,0,0
1053,21121,1,4
1054,21123,0,0
1055,21125,1,14
1056,21127,1,6
1057,21129,0,0
1058,21131,1,0
1059,21133,1,6
1060,21135,0,0
1061,21137,1,0
1062,21139,1,0
1063,21141,1,6
1064,21143,0,0
1065,21145,2,58
1066,21147,0,0
1067,21149,0,0
1068,21151,2,12
1069,21153,0,0
1070,21155,1,6
1071,21157,1,4
1072,21159,0,0
1073,21161,1,5
1074,21163,0,0
1075,21165,0,0
1076,21167,1,4
1077,21169,0,0
1078,21171,1,0
1079,21173,1,4
1080,21175,1,0
1081,21177,1,6
1082,21179,1,4
1083,21181,0,0
1084,21183,1,4
1085,21185,1,8
1086,21187,0,0
1087,21189,0,0
1088,21191,0,0
1089,21193,1,32
1090,21195,2,76
1091,21197,0,0
1092,21199,1,38
1093,21201,0,0
1094,21203,1,0
1095,21205,1,10
1096,21207,1,2
1097,21209,1,6
1098,21211,1,4
1099,21213,1,0
1100,21215,0,0
1101,21217,1,8
1102,21219,0,0
1103,21221,1,0
1104,21223,0,0
1105,21225,1,0
1106,21227,2,52
1107,21229,0,0
1108,21231,1,0
1109,21233,0,0
1110,21235,1,10
1111,21237,0,0
1112,21239,1,0
1113,22001,2,4
1114,22003,2,3
1115,22005,1,0
1116,22007,1,0
1117,22009,2,2
1118,22011,1,6
1119,22013,1,0
1120,22015,0,0
1121,22017,5,107
1122,22019,5,75
1123,22021,2,0
1124,22023,1,0
1125,22025,0,0
1126,22027,1,4
1127,22029,1,5
1128,22031,1,0
1129,22033,7,124
1130,22035,1,0
1131,22037,0,0
1132,22039,2,24
1133,22041,1,6
1134,22043,0,0
1135,22045,1,11
1136,22047,0,0
1137,22049,1,0
1138,22051,5,215
1139,22053,1,5
1140,22055,7,80
1141,22057,3,21
1142,22059,2,0
1143,22061,1,17
1144,22063,0,0
1145,22065,1,0
1146,22067,1,12
1147,22069,1,8
1148,22071,5,111
1149,22073,4,88
1150,22075,0,0
1151,22077,1,0
1152,22079,3,26
1153,22081,1,0
1154,22083,2,2
1155,22085,1,0
1156,22087,1,8
1157,22089,1,8
1158,22091,1,0
1159,22093,1,0
1160,22095,0,0
1161,22097,1,16
1162,22099,1,0
1163,22101,2,15
1164,22103,6,149
1165,22105,4,64
1166,22107,0,0
1167,22109,3,26
1168,22111,2,0
1169,22113,2,6
1170,22115,1,7
1171,22117,2,13
1172,22119,2,16
1173,22121,0,0
1174,22123,1,0
1175,22125,1,0
1176,22127,1,5
1177,23001,2,54
1178,23003,4,12
1179,23005,4,72
1180,23007,1,5
1181,23009,3,6
1182,23011,2,16
1183,23013,1,8
1184,23015,1,4
1185,23017,2,6
1186,23019,4,51
1187,23021,2,0
1188,23023,0,0
1189,23025,2,4
1190,23027,1,4
1191,23029,2,0
1192,23031,2,14
1193,24001,1,15
1194,24003,2,53
1195,24005,5,123
1196,24009,1,4
1197,24011,0,0
1198,24013,1,10
1199,24015,1,5
1200,24017,1,10
1201,24019,0,0
1202,24021,1,18
1203,24023,1,2
1204,24025,2,19
1205,24027,1,16
1206,24029,1,6
1207,24031,6,150
1208,24033,5,89
1209,24035,0,0
1210,24037,1,12
1211,24039,1,0
1212,24041,1,16
1213,24043,1,48
1214,24045,1,24
1215,24047,1,6
1216,24510,12,508
1217,25001,2,34
1218,25003,2,24
1219,25005,4,96
1220,25007,1,0
1221,25009,5,98
1222,25011,1,6
1223,25013,5,119
1224,25015,1,11
1225,25017,11,216
1226,25019,1,0
1227,25021,4,59
1228,25023,3,47
1229,25025,10,447
1230,25027,8,169
1231,26001,0,0
1232,26003,1,0
1233,26005,1,0
1234,26007,1,9
1235,26009,0,0
1236,26011,1,5
1237,26013,1,0
1238,26015,1,0
1239,26017,1,32
1240,26019,1,0
1241,26021,2,20
1242,26023,1,10
1243,26025,2,32
1244,26027,1,0
1245,26029,1,0
1246,26031,0,0
1247,26033,1,6
1248,26035,1,0
1249,26037,1,2
1250,26039,1,6
1251,26041,1,9
1252,26043,1,6
1253,26045,2,0
1254,26047,1,58
1255,26049,3,151
1256,26051,1,0
1257,26053,1,5
1258,26055,1,20
1259,26057,1,0
1260,26059,1,4
1261,26061,2,5
1262,26063,3,4
1263,26065,2,219
1264,26067,1,2
1265,26069,1,4
1266,26071,1,3
1267,26073,1,8
1268,26075,1,51
1269,26077,2,34
1270,26079,1,0
1271,26081,3,150
1272,26083,0,0
1273,26085,0,0
1274,26087,1,10
1275,26089,0,0
1276,26091,2,0
1277,26093,2,8
1278,26095,1,0
1279,26097,1,0
1280,26099,4,122
1281,26101,1,0
1282,26103,2,30
1283,26105,1,6
1284,26107,1,4
1285,26109,0,0
1286,26111,1,26
1287,26113,0,0
1288,26115,1,0
1289,26117,4,12
1290,26119,0,0
1291,26121,1,37
1292,26123,1,9
1293,26125,12,409
1294,26127,1,0
1295,26129,1,10
1296,26131,1,0
1297,26133,1,4
1298,26135,0,0
1299,26137,1,4
1300,26139,3,22
1301,26141,0,0
1302,26143,0,0
1303,26145,3,133
1304,26147,3,23
1305,26149,2,8
1306,26151,3,0
1307,26153,1,0
1308,26155,1,7
1309,26157,2,0
1310,26159,2,0
1311,26161,4,92
1312,26163,14,586
1313,26165,1,6
1314,27001,1,4
1315,27003,1,35
1316,27005,1,8
1317,27007,2,10
1318,27009,0,0
1319,27011,2,0
1320,27013,1,29
1321,27015,3,0
1322,27017,2,6
1323,27019,1,25
1324,27021,1,0
1325,27023,1,0
1326,27025,1,10
1327,27027,0,0
1328,27029,1,0
1329,27031,1,0
1330,27033,2,0
1331,27035,2,16
1332,27037,2,12
1333,27039,0,0
1334,27041,1,8
1335,27043,1,4
1336,27045,0,0
1337,27047,1,18
1338,27049,2,4
1339,27051,1,0
1340,27053,8,311
1341,27055,0,0
1342,27057,1,0
1343,27059,1,0
1344,27061,3,9
1345,27063,1,0
1346,27065,1,4
1347,27067,1,8
1348,27069,1,0
1349,27071,1,0
1350,27073,2,0
1351,27075,1,0
1352,27077,1,0
1353,27079,1,0
1354,27081,2,0
1355,27083,2,0
1356,27085,2,6
1357,27087,1,0
1358,27089,1,0
1359,27091,1,0
1360,27093,1,0
1361,27095,2,4
1362,27097,1,6
1363,27099,0,0
1364,27101,1,0
1365,27103,1,0
1366,27105,1,0
1367,27107,1,0
1368,27109,2,218
1369,27111,2,5
1370,27113,1,0
1371,27115,1,0
1372,27117,1,0
1373,27119,2,5
1374,27121,1,0
1375,27123,4,135
1376,27125,0,0
1377,27127,1,0
1378,27129,1,0
1379,27131,2,4
1380,27133,1,0
1381,27135,1,0
1382,27137,8,179
1383,27139,2,0
1384,27141,0,0
1385,27143,1,0
1386,27145,4,41
1387,27147,1,0
1388,27149,1,0
1389,27151,2,0
1390,27153,2,3
1391,27155,1,0
1392,27157,2,0
1393,27159,1,2
1394,27161,1,0
1395,27163,2,31
1396,27165,2,0
1397,27167,1,0
1398,27169,1,8
1399,27171,2,3
1400,27173,2,0
1401,28001,1,15
1402,28003,1,24
1403,28005,0,0
1404,28007,1,0
1405,28009,0,0
1406,28011,1,8
1407,28013,1,0
1408,28015,0,0
1409,28017,1,0
1410,28019,1,0
1411,28021,1,0
1412,28023,1,0
1413,28025,1,6
1414,28027,1,10
1415,28029,1,0
1416,28031,1,0
1417,28033,2,44
1418,28035,1,48
1419,28037,1,0
1420,28039,1,6
1421,28041,2,0
1422,28043,1,5
1423,28045,1,6
1424,28047,3,57
1425,28049,5,218
1426,28051,1,0
1427,28053,0,0
1428,28055,0,0
1429,28057,0,0
1430,28059,1,48
1431,28061,1,0
1432,28063,1,0
1433,28065,1,0
1434,28067,1,14
1435,28069,1,0
1436,28071,1,24
1437,28073,1,17
1438,28075,4,51
1439,28077,1,0
1440,28079,1,0
1441,28081,1,42
1442,28083,1,9
1443,28085,1,5
1444,28087,1,18
1445,28089,1,7
1446,28091,1,6
1447,28093,1,0
1448,28095,2,9
1449,28097,1,0
1450,28099,3,0
1451,28101,0,0
1452,28103,1,0
1453,28105,1,6
1454,28107,1,0
1455,28109,2,6
1456,28111,0,0
1457,28113,2,28
1458,28115,1,0
1459,28117,1,11
1460,28119,1,0
1461,28121,4,18
1462,28123,2,0
1463,28125,1,0
1464,28127,2,0
1465,28129,1,0
1466,28131,1,0
1467,28133,2,0
1468,28135,1,0
1469,28137,1,0
1470,28139,1,0
1471,28141,1,0
1472,28143,0,0
1473,28145,1,8
1474,28147,1,0
1475,28149,1,22
1476,28151,1,22
1477,28153,1,6
1478,28155,1,0
1479,28157,1,0
1480,28159,1,0
1481,28161,1,0
1482,28163,1,0
1483,29001,1,10
1484,29003,0,0
1485,29005,1,0
1486,29007,1,0
1487,29009,2,0
1488,29011,1,4
1489,29013,1,0
1490,29015,0,0
1491,29017,0,0
1492,29019,2,110
1493,29021,1,21
1494,29023,2,14
1495,29025,0,0
1496,29027,1,0
1497,29029,1,18
1498,29031,2,32
1499,29033,1,0
1500,29035,0,0
1501,29037,2,9
1502,29039,1,0
1503,29041,0,0
1504,29043,0,0
1505,29045,0,0
1506,29047,3,172
1507,29049,1,5
1508,29051,2,25
1509,29053,1,0
1510,29055,0,0
1511,29057,0,0
1512,29059,0,0
1513,29061,0,0
1514,29063,0,0
1515,29065,1,0
1516,29067,0,0
1517,29069,0,0
1518,29071,2,13
1519,29073,1,0
1520,29075,1,0
1521,29077,2,163
1522,29079,1,0
1523,29081,1,0
1524,29083,1,8
1525,29085,0,0
1526,29087,0,0
1527,29089,0,0
1528,29091,2,12
1529,29093,1,0
1530,29095,9,274
1531,29097,3,88
1532,29099,2,67
1533,29101,1,0
1534,29103,0,0
1535,29105,1,4
1536,29107,1,2
1537,29109,1,0
1538,29111,0,0
1539,29113,1,4
1540,29115,1,0
1541,29117,1,0
1542,29119,0,0
1543,29121,1,0
1544,29123,1,0
1545,29125,0,0
1546,29127,1,8
1547,29129,0,0
1548,29131,0,0
1549,29133,0,0
1550,29135,0,0
1551,29137,0,0
1552,29139,0,0
1553,29141,0,0
1554,29143,0,0
1555,29145,1,0
1556,29147,1,0
1557,29149,0,0
1558,29151,0,0
1559,29153,0,0
1560,29155,1,7
1561,29157,1,0
1562,29159,1,9
1563,29161,1,18
1564,29163,1,0
1565,29165,1,0
1566,29167,1,8
1567,29169,0,0
1568,29171,1,0
1569,29173,0,0
1570,29175,1,8
1571,29177,1,0
1572,29179,0,0
1573,29181,0,0
1574,29183,4,39
1575,29185,1,0
1576,29186,1,0
1577,29187,2,10
1578,29189,9,468
1579,29195,2,7
1580,29197,0,0
1581,29199,1,0
1582,29201,1,12
1583,29203,0,0
1584,29205,0,0
1585,29207,1,4
1586,29209,0,0
1587,29211,1,0
1588,29213,1,18
1589,29215,1,4
1590,29217,1,6
1591,29219,0,0
1592,29221,1,0
1593,29223,0,0
1594,29225,0,0
1595,29227,0,0
1596,29229,0,0
1597,29510,3,207
1598,30001,1,0
1599,30003,2,0
1600,30005,1,0
1601,30007,1,0
1602,30009,1,0
1603,30011,1,0
1604,30013,2,20
1605,30015,2,0
1606,30017,1,4
1607,30019,1,0
1608,30021,1,3
1609,30023,1,0
1610,30025,1,0
1611,30027,1,0
1612,30029,3,22
1613,30031,2,8
1614,30033,1,0
1615,30035,2,0
1616,30037,0,0
1617,30039,1,0
1618,30041,1,6
1619,30043,0,0
1620,30045,0,0
1621,30047,2,0
1622,30049,1,8
1623,30051,1,0
1624,30053,1,0
1625,30055,1,0
1626,30057,2,0
1627,30059,1,0
1628,30061,1,0
1629,30063,2,32
1630,30065,1,0
1631,30067,1,4
1632,30069,0,0
1633,30071,1,0
1634,30073,1,0
1635,30075,0,0
1636,30077,1,0
1637,30079,1,0
1638,30081,1,5
1639,30083,1,0
1640,30085,3,0
1641,30087,1,1
1642,30089,1,0
1643,30091,1,0
1644,30093,1,11
1645,30095,1,0
1646,30097,1,0
1647,30099,1,0
1648,30101,1,0
1649,30103,0,0
1650,30105,1,0
1651,30107,1,0
1652,30109,0,0
1653,30111,2,41
1654,31001,1,10
1655,31003,1,0
1656,31005,0,0
1657,31007,0,0
1658,31009,0,0
1659,31011,1,0
1660,31013,1,0
1661,31015,1,0
1662,31017,1,0
1663,31019,2,34
1664,31021,1,0
1665,31023,1,0
1666,31025,0,0
1667,31027,0,0
1668,31029,1,0
1669,31031,1,0
1670,31033,1,4
1671,31035,0,0
1672,31037,1,0
1673,31039,1,0
1674,31041,2,0
1675,31043,0,0
1676,31045,1,0
1677,31047,3,0
1678,31049,0,0
1679,31051,0,0
1680,31053,1,0
1681,31055,8,187
1682,31057,1,0
1683,31059,1,0
1684,31061,1,0
1685,31063,0,0
1686,31065,1,0
1687,31067,1,3
1688,31069,1,0
1689,31071,0,0
1690,31073,0,0
1691,31075,0,0
1692,31077,0,0
1693,31079,1,16
1694,31081,1,0
1695,31083,1,0
1696,31085,0,0
1697,31087,0,0
1698,31089,3,0
1699,31091,0,0
1700,31093,1,0
1701,31095,1,0
1702,31097,1,0
1703,31099,1,0
1704,31101,1,0
1705,31103,0,0
1706,31105,1,0
1707,31107,1,0
1708,31109,4,108
1709,31111,1,19
1710,31113,0,0
1711,31115,0,0
1712,31117,0,0
1713,31119,1,24
1714,31121,1,0
1715,31123,1,0
1716,31125,0,0
1717,31127,1,0
1718,31129,1,0
1719,31131,2,0
1720,31133,1,0
1721,31135,1,0
1722,31137,1,0
1723,31139,2,0
1724,31141,2,5
1725,31143,1,0
1726,31145,1,0
1727,31147,1,0
1728,31149,0,0
1729,31151,2,0
1730,31153,2,8
1731,31155,1,0
1732,31157,1,22
1733,31159,1,0
1734,31161,1,0
1735,31163,0,0
1736,31165,0,0
1737,31167,0,0
1738,31169,1,0
1739,31171,0,0
1740,31173,1,0
1741,31175,1,0
1742,31177,1,0
1743,31179,1,0
1744,31181,1,0
1745,31183,0,0
1746,31185,2,0
1747,32001,1,0
1748,32003,19,535
1749,32005,1,0
1750,32007,1,7
1751,32009,0,0
1752,32011,0,0
1753,32013,1,3
1754,32015,1,0
1755,32017,1,0
1756,32019,1,0
1757,32021,1,0
1758,32023,1,0
1759,32027,1,0
1760,32029,0,0
1761,32031,5,331
1762,32033,1,0
1763,32510,1,24
1764,33001,1,10
1765,33003,2,8
1766,33005,1,27
1767,33007,3,3
1768,33009,5,54
1769,33011,5,62
1770,33013,3,18
1771,33015,3,43
1772,33017,2,17
1773,33019,1,0
1774,34001,2,64
1775,34003,6,147
1776,34005,3,82
1777,34007,4,199
1778,34009,1,16
1779,34011,1,36
1780,34013,7,267
1781,34015,1,14
1782,34017,6,105
1783,34019,1,12
1784,34021,4,92
1785,34023,5,185
1786,34025,5,152
1787,34027,3,91
1788,34029,4,106
1789,34031,2,97
1790,34033,2,19
1791,34035,1,28
1792,34037,1,10
1793,34039,3,80
1794,34041,2,20
1795,35001,5,138
1796,35003,0,0
1797,35005,2,24
1798,35006,2,4
1799,35007,1,4
1800,35009,1,8
1801,35011,0,0
1802,35013,2,51
1803,35015,2,12
1804,35017,1,6
1805,35019,1,0
1806,35021,0,0
1807,35023,0,0
1808,35025,2,8
1809,35027,1,4
1810,35028,1,6
1811,35029,1,6
1812,35031,4,5
1813,35033,0,0
1814,35035,2,10
1815,35037,1,0
1816,35039,1,8
1817,35041,1,0
1818,35043,1,0
1819,35045,2,10
1820,35047,1,8
1821,35049,3,22
1822,35051,1,0
1823,35053,1,0
1824,35055,1,6
1825,35057,0,0
1826,35059,1,0
1827,35061,0,0
1828,36001,3,120
1829,36003,2,6
1830,36005,6,270
1831,36007,2,47
1832,36009,1,0
1833,36011,1,14
1834,36013,3,26
1835,36015,2,20
1836,36017,1,7
1837,36019,1,21
1838,36021,1,9
1839,36023,1,12
1840,36025,3,0
1841,36027,2,51
1842,36029,6,262
1843,36031,1,0
1844,36033,2,13
1845,36035,1,8
1846,36037,1,10
1847,36039,0,0
1848,36041,0,0
1849,36043,1,0
1850,36045,3,10
1851,36047,12,318
1852,36049,1,6
1853,36051,1,0
1854,36053,2,6
1855,36055,5,191
1856,36057,1,8
1857,36059,10,461
1858,36061,12,761
1859,36063,3,32
1860,36065,3,51
1861,36067,3,152
1862,36069,3,27
1863,36071,4,76
1864,36073,1,0
1865,36075,1,8
1866,36077,2,14
1867,36079,1,10
1868,36081,6,129
1869,36083,3,12
1870,36085,2,114
1871,36087,3,39
1872,36089,5,20
1873,36091,1,19
1874,36093,2,36
1875,36095,1,0
1876,36097,1,0
1877,36099,0,0
1878,36101,3,8
1879,36103,10,281
1880,36105,2,10
1881,36107,0,0
1882,36109,1,16
1883,36111,3,25
1884,36113,1,24
1885,36115,0,0
1886,36117,1,8
1887,36119,9,179
1888,36121,1,5
1889,36123,1,0
1890,37001,1,20
1891,37003,0,0
1892,37005,1,0
1893,37007,1,0
1894,37009,1,0
1895,37011,1,0
1896,37013,1,8
1897,37015,1,0
1898,37017,1,4
1899,37019,2,19
1900,37021,1,166
1901,37023,1,16
1902,37025,1,25
1903,37027,1,12
1904,37029,0,0
1905,37031,1,8
1906,37033,0,0
1907,37035,2,52
1908,37037,1,4
1909,37039,1,0
1910,37041,1,4
1911,37043,0,0
1912,37045,2,57
1913,37047,1,10
1914,37049,1,72
1915,37051,1,48
1916,37053,0,0
1917,37055,1,0
1918,37057,2,29
1919,37059,1,0
1920,37061,1,9
1921,37063,3,148
1922,37065,1,15
1923,37067,3,259
1924,37069,0,0
1925,37071,1,74
1926,37073,0,0
1927,37075,0,0
1928,37077,1,6
1929,37079,0,0
1930,37081,2,142
1931,37083,2,16
1932,37085,1,14
1933,37087,1,12
1934,37089,2,27
1935,37091,1,10
1936,37093,1,0
1937,37095,0,0
1938,37097,3,36
1939,37099,1,9
1940,37101,1,24
1941,37103,0,0
1942,37105,1,8
1943,37107,1,14
1944,37109,1,10
1945,37111,1,9
1946,37113,2,5
1947,37115,0,0
1948,37117,1,6
1949,37119,7,173
1950,37121,1,0
1951,37123,1,0
1952,37125,1,68
1953,37127,1,21
1954,37129,2,57
1955,37131,0,0
1956,37133,1,14
1957,37135,1,13
1958,37137,0,0
1959,37139,1,10
1960,37141,1,0
1961,37143,0,0
1962,37145,1,6
1963,37147,1,71
1964,37149,1,6
1965,37151,1,12
1966,37153,0,0
1967,37155,1,25
1968,37157,1,9
1969,37159,1,20
1970,37161,1,18
1971,37163,1,8
1972,37165,1,8
1973,37167,1,10
1974,37169,1,0
1975,37171,2,10
1976,37173,2,0
1977,37175,1,4
1978,37177,0,0
1979,37179,1,14
1980,37181,1,20
1981,37183,4,175
1982,37185,0,0
1983,37187,1,0
1984,37189,1,10
1985,37191,1,16
1986,37193,1,8
1987,37195,1,14
1988,37197,0,0
1989,37199,0,0
1990,38001,1,0
1991,38003,1,0
1992,38005,0,0
1993,38007,0,0
1994,38009,1,0
1995,38011,1,0
1996,38013,0,0
1997,38015,2,72
1998,38017,2,111
1999,38019,1,0
2000,38021,1,0
2001,38023,1,0
2002,38025,0,0
2003,38027,0,0
2004,38029,1,0
2005,38031,1,0
2006,38033,0,0
2007,38035,2,26
2008,38037,1,0
2009,38039,1,0
2010,38041,0,0
2011,38043,0,0
2012,38045,0,0
2013,38047,0,0
2014,38049,0,0
2015,38051,2,0
2016,38053,1,0
2017,38055,2,0
2018,38057,1,0
2019,38059,0,0
2020,38061,1,0
2021,38063,1,0
2022,38065,0,0
2023,38067,1,0
2024,38069,1,0
2025,38071,1,0
2026,38073,1,0
2027,38075,0,0
2028,38077,0,0
2029,38079,2,0
2030,38081,0,0
2031,38083,0,0
2032,38085,1,0
2033,38087,0,0
2034,38089,1,4
2035,38091,0,0
2036,38093,1,6
2037,38095,1,0
2038,38097,2,0
2039,38099,2,0
2040,38101,2,19
2041,38103,1,0
2042,38105,2,0
2043,39001,1,0
2044,39003,4,62
2045,39005,1,6
2046,39007,4,19
2047,39009,1,0
2048,39011,1,6
2049,39013,2,15
2050,39015,0,0
2051,39017,4,74
2052,39019,0,0
2053,39021,1,0
2054,39023,2,38
2055,39025,1,16
2056,39027,1,6
2057,39029,2,20
2058,39031,1,7
2059,39033,2,9
2060,39035,15,680
2061,39037,1,6
2062,39039,3,8
2063,39041,1,6
2064,39043,1,18
2065,39045,1,20
2066,39047,1,6
2067,39049,10,449
2068,39051,1,7
2069,39053,1,14
2070,39055,1,12
2071,39057,2,20
2072,39059,1,11
2073,39061,8,297
2074,39063,1,34
2075,39065,1,0
2076,39067,1,0
2077,39069,1,5
2078,39071,2,0
2079,39073,1,4
2080,39075,1,4
2081,39077,2,12
2082,39079,1,4
2083,39081,1,20
2084,39083,1,12
2085,39085,1,27
2086,39087,1,0
2087,39089,1,38
2088,39091,1,6
2089,39093,4,75
2090,39095,7,251
2091,39097,1,13
2092,39099,3,67
2093,39101,1,15
2094,39103,2,12
2095,39105,0,0
2096,39107,1,5
2097,39109,1,10
2098,39111,0,0
2099,39113,4,196
2100,39115,0,0
2101,39117,1,3
2102,39119,1,48
2103,39121,0,0
2104,39123,1,4
2105,39125,1,0
2106,39127,0,0
2107,39129,1,8
2108,39131,1,0
2109,39133,1,16
2110,39135,0,0
2111,39137,0,0
2112,39139,3,37
2113,39141,1,12
2114,39143,2,18
2115,39145,2,16
2116,39147,2,9
2117,39149,1,7
2118,39151,3,128
2119,39153,4,170
2120,39155,2,42
2121,39157,2,38
2122,39159,1,7
2123,39161,1,5
2124,39163,0,0
2125,39165,1,57
2126,39167,2,11
2127,39169,2,14
2128,39171,2,7
2129,39173,1,10
2130,39175,1,5
2131,40001,1,0
2132,40003,0,0
2133,40005,1,0
2134,40007,1,0
2135,40009,1,6
2136,40011,2,0
2137,40013,1,8
2138,40015,2,0
2139,40017,1,8
2140,40019,2,13
2141,40021,2,30
2142,40023,1,0
2143,40025,1,0
2144,40027,1,77
2145,40029,1,0
2146,40031,3,58
2147,40033,0,0
2148,40035,1,0
2149,40037,3,0
2150,40039,2,4
2151,40041,1,6
2152,40043,1,0
2153,40045,1,0
2154,40047,2,30
2155,40049,1,0
2156,40051,1,9
2157,40053,0,0
2158,40055,1,0
2159,40057,1,0
2160,40059,1,0
2161,40061,1,0
2162,40063,1,0
2163,40065,1,6
2164,40067,1,0
2165,40069,1,0
2166,40071,2,6
2167,40073,1,0
2168,40075,1,0
2169,40077,1,0
2170,40079,1,4
2171,40081,2,0
2172,40083,1,0
2173,40085,1,0
2174,40087,1,0
2175,40089,1,0
2176,40091,0,0
2177,40093,1,0
2178,40095,1,0
2179,40097,1,0
2180,40099,1,0
2181,40101,1,24
2182,40103,1,0
2183,40105,1,0
2184,40107,1,0
2185,40109,19,300
2186,40111,2,0
2187,40113,2,0
2188,40115,1,9
2189,40117,1,0
2190,40119,2,11
2191,40121,1,15
2192,40123,2,12
2193,40125,1,14
2194,40127,1,0
2195,40129,1,0
2196,40131,2,6
2197,40133,1,0
2198,40135,1,0
2199,40137,1,9
2200,40139,1,0
2201,40141,0,0
2202,40143,12,379
2203,40145,1,6
2204,40147,1,8
2205,40149,1,0
2206,40151,1,0
2207,40153,1,6
2208,41001,1,2
2209,41003,1,12
2210,41005,3,54
2211,41007,2,4
2212,41009,0,0
2213,41011,3,12
2214,41013,1,0
2215,41015,1,0
2216,41017,2,36
2217,41019,2,32
2218,41021,0,0
2219,41023,1,0
2220,41025,1,2
2221,41027,1,0
2222,41029,3,50
2223,41031,1,0
2224,41033,1,12
2225,41035,1,0
2226,41037,1,0
2227,41039,5,67
2228,41041,2,0
2229,41043,2,11
2230,41045,1,8
2231,41047,3,68
2232,41049,1,0
2233,41051,6,165
2234,41053,1,0
2235,41055,0,0
2236,41057,1,4
2237,41059,2,3
2238,41061,1,4
2239,41063,1,0
2240,41065,1,17
2241,41067,4,85
2242,41069,0,0
2243,41071,2,11
2244,42001,1,8
2245,42003,15,580
2246,42005,1,12
2247,42007,1,20
2248,42009,1,4
2249,42011,3,71
2250,42013,3,50
2251,42015,3,42
2252,42017,7,90
2253,42019,1,35
2254,42021,2,30
2255,42023,0,0
2256,42025,2,13
2257,42027,1,0
2258,42029,5,93
2259,42031,1,7
2260,42033,2,27
2261,42035,2,10
2262,42037,2,22
2263,42039,2,16
2264,42041,2,45
2265,42043,2,142
2266,42045,4,100
2267,42047,1,0
2268,42049,4,88
2269,42051,2,15
2270,42053,0,0
2271,42055,2,24
2272,42057,1,0
2273,42059,1,0
2274,42061,1,7
2275,42063,1,12
2276,42065,2,5
2277,42067,0,0
2278,42069,3,51
2279,42071,3,64
2280,42073,2,18
2281,42075,1,18
2282,42077,3,143
2283,42079,3,71
2284,42081,3,32
2285,42083,1,5
2286,42085,4,45
2287,42087,1,10
2288,42089,2,44
2289,42091,11,215
2290,42093,1,42
2291,42095,4,64
2292,42097,1,6
2293,42099,0,0
2294,42101,15,528
2295,42103,0,0
2296,42105,1,4
2297,42107,2,16
2298,42109,0,0
2299,42111,3,14
2300,42113,0,0
2301,42115,2,4
2302,42117,1,6
2303,42119,1,12
2304,42121,1,8
2305,42123,1,6
2306,42125,4,50
2307,42127,1,8
2308,42129,3,51
2309,42131,1,6
2310,42133,5,60
2311,44001,0,0
2312,44003,1,15
2313,44005,1,10
2314,44007,6,237
2315,44009,2,17
2316,45001,1,6
2317,45003,1,35
2318,45005,1,0
2319,45007,1,40
2320,45009,0,0
2321,45011,0,0
2322,45013,2,24
2323,45015,0,0
2324,45017,0,0
2325,45019,6,221
2326,45021,1,12
2327,45023,1,6
2328,45025,1,6
2329,45027,1,6
2330,45029,1,8
2331,45031,2,12
2332,45033,1,6
2333,45035,0,0
2334,45037,1,0
2335,45039,0,0
2336,45041,3,98
2337,45043,1,10
2338,45045,6,137
2339,45047,1,30
2340,45049,1,6
2341,45051,4,100
2342,45053,1,4
2343,45055,1,10
2344,45057,1,20
2345,45059,1,8
2346,45061,0,0
2347,45063,2,55
2348,45065,0,0
2349,45067,1,10
2350,45069,0,0
2351,45071,1,7
2352,45073,1,12
2353,45075,1,20
2354,45077,2,15
2355,45079,3,211
2356,45081,0,0
2357,45083,1,39
2358,45085,1,17
2359,45087,1,6
2360,45089,1,4
2361,45091,1,24
2362,46003,0,0
2363,46005,1,6
2364,46007,1,0
2365,46009,2,0
2366,46011,1,0
2367,46013,2,10
2368,46015,1,0
2369,46017,0,0
2370,46019,0,0
2371,46021,0,0
2372,46023,2,0
2373,46025,0,0
2374,46027,1,0
2375,46029,1,8
2376,46031,0,0
2377,46033,1,0
2378,46035,1,8
2379,46037,1,0
2380,46039,1,0
2381,46041,1,0
2382,46043,1,0
2383,46045,1,0
2384,46047,1,0
2385,46049,1,0
2386,46051,1,0
2387,46053,2,0
2388,46055,1,0
2389,46057,0,0
2390,46059,1,0
2391,46061,0,0
2392,46063,0,0
2393,46065,1,6
2394,46067,2,0
2395,46069,0,0
2396,46071,0,0
2397,46073,1,0
2398,46075,0,0
2399,46077,1,0
2400,46079,1,0
2401,46081,2,5
2402,46083,2,0
2403,46085,0,0
2404,46087,0,0
2405,46089,1,0
2406,46091,1,0
2407,46093,1,3
2408,46095,0,0
2409,46097,0,0
2410,46099,4,54
2411,46101,1,0
2412,46102,0,0
2413,46103,3,38
2414,46105,0,0
2415,46107,1,0
2416,46109,1,0
2417,46111,0,0
2418,46115,1,0
2419,46117,0,0
2420,46119,0,0
2421,46121,1,0
2422,46123,1,0
2423,46125,1,0
2424,46127,1,0
2425,46129,1,4
2426,46135,1,10
2427,46137,0,0
2428,47001,1,25
2429,47003,1,8
2430,47005,1,0
2431,47007,1,0
2432,47009,1,16
2433,47011,1,27
2434,47013,2,10
2435,47015,1,0
2436,47017,1,6
2437,47019,1,8
2438,47021,1,0
2439,47023,0,0
2440,47025,1,5
2441,47027,1,0
2442,47029,1,5
2443,47031,2,14
2444,47033,0,0
2445,47035,1,12
2446,47037,9,614
2447,47039,1,0
2448,47041,1,4
2449,47043,1,6
2450,47045,1,10
2451,47047,0,0
2452,47049,0,0
2453,47051,1,10
2454,47053,1,3
2455,47055,1,6
2456,47057,0,0
2457,47059,1,6
2458,47061,0,0
2459,47063,1,20
2460,47065,3,215
2461,47067,1,0
2462,47069,1,0
2463,47071,1,0
2464,47073,1,6
2465,47075,0,0
2466,47077,1,0
2467,47079,1,6
2468,47081,1,0
2469,47083,1,0
2470,47085,1,0
2471,47087,0,0
2472,47089,1,6
2473,47091,1,0
2474,47093,4,254
2475,47095,0,0
2476,47097,1,0
2477,47099,1,6
2478,47101,0,0
2479,47103,1,7
2480,47105,1,5
2481,47107,1,4
2482,47109,0,0
2483,47111,1,0
2484,47113,1,76
2485,47115,0,0
2486,47117,1,0
2487,47119,1,65
2488,47121,0,0
2489,47123,1,0
2490,47125,1,21
2491,47127,0,0
2492,47129,0,0
2493,47131,1,7
2494,47133,1,6
2495,47135,1,0
2496,47137,0,0
2497,47139,0,0
2498,47141,1,38
2499,47143,1,3
2500,47145,1,6
2501,47147,1,8
2502,47149,3,78
2503,47151,1,0
2504,47153,0,0
2505,47155,1,16
2506,47157,6,277
2507,47159,1,2
2508,47161,0,0
2509,47163,3,103
2510,47165,2,38
2511,47167,1,7
2512,47169,1,0
2513,47171,1,0
2514,47173,0,0
2515,47175,0,0
2516,47177,1,8
2517,47179,2,76
2518,47181,1,0
2519,47183,1,6
2520,47185,1,4
2521,47187,1,28
2522,47189,1,12
2523,48001,1,10
2524,48003,1,0
2525,48005,2,29
2526,48007,0,0
2527,48009,0,0
2528,48011,0,0
2529,48013,1,6
2530,48015,1,0
2531,48017,1,0
2532,48019,0,0
2533,48021,1,0
2534,48023,1,27
2535,48025,1,8
2536,48027,3,90
2537,48029,13,648
2538,48031,0,0
2539,48033,0,0
2540,48035,1,0
2541,48037,2,82
2542,48039,3,16
2543,48041,4,48
2544,48043,1,3
2545,48045,0,0
2546,48047,0,0
2547,48049,1,12
2548,48051,1,0
2549,48053,2,12
2550,48055,1,0
2551,48057,1,6
2552,48059,0,0
2553,48061,4,104
2554,48063,1,0
2555,48065,0,0
2556,48067,0,0
2557,48069,1,0
2558,48071,2,0
2559,48073,2,0
2560,48075,1,0
2561,48077,1,0
2562,48079,1,0
2563,48081,0,0
2564,48083,1,0
2565,48085,11,195
2566,48087,1,0
2567,48089,2,4
2568,48091,1,12
2569,48093,1,0
2570,48095,1,0
2571,48097,2,5
2572,48099,1,4
2573,48101,0,0
2574,48103,1,0
2575,48105,0,0
2576,48107,1,0
2577,48109,1,0
2578,48111,1,0
2579,48113,24,614
2580,48115,1,0
2581,48117,1,0
2582,48119,0,0
2583,48121,10,81
2584,48123,1,0
2585,48125,0,0
2586,48127,1,0
2587,48129,0,0
2588,48131,0,0
2589,48133,1,0
2590,48135,2,50
2591,48137,0,0
2592,48139,2,18
2593,48141,9,203
2594,48143,1,5
2595,48145,1,0
2596,48147,1,2
2597,48149,1,0
2598,48151,1,0
2599,48153,1,0
2600,48155,0,0
2601,48157,6,128
2602,48159,0,0
2603,48161,1,0
2604,48163,1,0
2605,48165,1,0
2606,48167,1,26
2607,48169,0,0
2608,48171,1,10
2609,48173,0,0
2610,48175,0,0
2611,48177,1,0
2612,48179,1,8
2613,48181,3,62
2614,48183,2,66
2615,48185,1,0
2616,48187,1,9
2617,48189,1,5
2618,48191,0,0
2619,48193,1,0
2620,48195,1,0
2621,48197,2,0
2622,48199,0,0
2623,48201,34,918
2624,48203,0,0
2625,48205,0,0
2626,48207,1,0
2627,48209,3,42
2628,48211,1,0
2629,48213,1,10
2630,48215,6,271
2631,48217,1,5
2632,48219,1,0
2633,48221,1,12
2634,48223,1,10
2635,48225,1,0
2636,48227,1,8
2637,48229,0,0
2638,48231,1,23
2639,48233,1,4
2640,48235,0,0
2641,48237,1,0
2642,48239,1,0
2643,48241,1,6
2644,48243,0,0
2645,48245,3,88
2646,48247,0,0
2647,48249,1,8
2648,48251,3,35
2649,48253,2,0
2650,48255,1,0
2651,48257,1,8
2652,48259,0,0
2653,48261,0,0
2654,48263,0,0
2655,48265,1,12
2656,48267,1,0
2657,48269,0,0
2658,48271,0,0
2659,48273,1,10
2660,48275,1,0
2661,48277,1,20
2662,48279,1,0
2663,48281,1,0
2664,48283,0,0
2665,48285,2,3
2666,48287,0,0
2667,48289,0,0
2668,48291,2,0
2669,48293,2,6
2670,48295,0,0
2671,48297,0,0
2672,48299,1,0
2673,48301,0,0
2674,48303,4,267
2675,48305,1,0
2676,48307,1,0
2677,48309,2,54
2678,48311,0,0
2679,48313,1,0
2680,48315,0,0
2681,48317,1,0
2682,48319,0,0
2683,48321,2,6
2684,48323,1,10
2685,48325,1,0
2686,48327,0,0
2687,48329,1,48
2688,48331,1,0
2689,48333,0,0
2690,48335,1,0
2691,48337,1,0
2692,48339,6,97
2693,48341,1,3
2694,48343,0,0
2695,48345,0,0
2696,48347,2,27
2697,48349,1,9
2698,48351,0,0
2699,48353,1,5
2700,48355,3,115
2701,48357,1,0
2702,48359,0,0
2703,48361,0,0
2704,48363,1,8
2705,48365,1,0
2706,48367,1,20
2707,48369,1,0
2708,48371,2,0
2709,48373,1,8
2710,48375,3,99
2711,48377,0,0
2712,48379,0,0
2713,48381,0,0
2714,48383,1,0
2715,48385,0,0
2716,48387,0,0
2717,48389,1,0
2718,48391,1,0
2719,48393,0,0
2720,48395,0,0
2721,48397,1,6
2722,48399,2,0
2723,48401,1,0
2724,48403,1,0
2725,48405,1,0
2726,48407,0,0
2727,48409,1,0
2728,48411,0,0
2729,48413,1,0
2730,48415,1,0
2731,48417,0,0
2732,48419,0,0
2733,48421,0,0
2734,48423,4,194
2735,48425,1,0
2736,48427,1,0
2737,48429,1,0
2738,48431,0,0
2739,48433,1,0
2740,48435,1,0
2741,48437,1,0
2742,48439,22,409
2743,48441,2,110
2744,48443,0,0
2745,48445,1,0
2746,48447,1,0
2747,48449,1,8
2748,48451,2,29
2749,48453,10,294
2750,48455,0,0
2751,48457,1,0
2752,48459,0,0
2753,48461,2,0
2754,48463,1,6
2755,48465,1,7
2756,48467,1,0
2757,48469,2,43
2758,48471,1,6
2759,48473,0,0
2760,48475,1,0
2761,48477,1,5
2762,48479,2,56
2763,48481,1,4
2764,48483,2,0
2765,48485,3,24
2766,48487,1,0
2767,48489,0,0
2768,48491,6,90
2769,48493,1,4
2770,48495,1,0
2771,48497,1,21
2772,48499,2,0
2773,48501,1,0
2774,48503,2,0
2775,48505,0,0
2776,48507,0,0
2777,49001,2,0
2778,49003,2,0
2779,49005,2,14
2780,49007,1,6
2781,49009,0,0
2782,49011,3,22
2783,49013,1,4
2784,49015,0,0
2785,49017,1,0
2786,49019,1,0
2787,49021,1,6
2788,49023,1,0
2789,49025,1,0
2790,49027,2,0
2791,49029,0,0
2792,49031,0,0
2793,49033,0,0
2794,49035,10,282
2795,49037,2,1
2796,49039,2,0
2797,49041,1,0
2798,49043,1,4
2799,49045,1,4
2800,49047,1,4
2801,49049,5,122
2802,49051,1,0
2803,49053,1,32
2804,49055,0,0
2805,49057,2,64
2806,50001,1,0
2807,50003,1,10
2808,50005,1,4
2809,50007,1,46
2810,50009,0,0
2811,50011,1,0
2812,50013,0,0
2813,50015,1,0
2814,50017,1,2
2815,50019,1,5
2816,50021,1,13
2817,50023,1,14
2818,50025,2,0
2819,50027,2,0
2820,51001,1,10
2821,51003,1,12
2822,51005,1,10
2823,51007,0,0
2824,51009,0,0
2825,51011,0,0
2826,51013,2,32
2827,51015,1,12
2828,51017,1,0
2829,51019,1,6
2830,51021,0,0
2831,51023,0,0
2832,51025,0,0
2833,51027,1,12
2834,51029,0,0
2835,51031,0,0
2836,51033,0,0
2837,51035,0,0
2838,51036,0,0
2839,51037,0,0
2840,51041,2,106
2841,51043,0,0
2842,51045,0,0
2843,51047,1,6
2844,51049,0,0
2845,51051,1,0
2846,51053,0,0
2847,51057,1,7
2848,51059,4,178
2849,51061,1,8
2850,51063,0,0
2851,51065,0,0
2852,51067,1,4
2853,51069,0,0
2854,51071,1,0
2855,51073,1,7
2856,51075,0,0
2857,51077,0,0
2858,51079,0,0
2859,51081,0,0
2860,51083,1,12
2861,51085,1,24
2862,51087,1,53
2863,51089,0,0
2864,51091,0,0
2865,51093,0,0
2866,51095,2,26
2867,51097,0,0
2868,51099,0,0
2869,51101,0,0
2870,51103,1,0
2871,51105,0,0
2872,51107,2,33
2873,51109,0,0
2874,51111,0,0
2875,51113,0,0
2876,51115,0,0
2877,51117,1,10
2878,51119,0,0
2879,51121,2,22
2880,51125,0,0
2881,51127,0,0
2882,51131,0,0
2883,51133,0,0
2884,51135,0,0
2885,51137,0,0
2886,51139,1,0
2887,51141,0,0
2888,51143,0,0
2889,51145,0,0
2890,51147,1,8
2891,51149,0,0
2892,51153,2,24
2893,51155,1,8
2894,51157,0,0
2895,51159,0,0
2896,51161,0,0
2897,51163,0,0
2898,51165,0,0
2899,51167,1,5
2900,51169,0,0
2901,51171,1,0
2902,51173,1,4
2903,51175,0,0
2904,51177,1,12
2905,51179,1,4
2906,51181,0,0
2907,51183,0,0
2908,51185,2,12
2909,51187,1,8
2910,51191,1,14
2911,51193,0,0
2912,51195,1,8
2913,51197,1,6
2914,51199,0,0
2915,51510,1,40
2916,51520,0,0
2917,51530,0,0
2918,51540,1,25
2919,51550,1,28
2920,51570,0,0
2921,51580,0,0
2922,51590,1,34
2923,51595,1,7
2924,51600,0,0
2925,51610,0,0
2926,51620,1,8
2927,51630,1,26
2928,51640,1,10
2929,51650,1,24
2930,51660,1,34
2931,51670,1,17
2932,51678,1,0
2933,51680,1,49
2934,51683,1,11
2935,51685,0,0
2936,51690,0,0
2937,51700,2,88
2938,51710,3,113
2939,51720,1,11
2940,51730,2,28
2941,51735,0,0
2942,51740,1,22
2943,51750,0,0
2944,51760,3,159
2945,51770,1,71
2946,51775,1,36
2947,51790,0,0
2948,51800,1,12
2949,51810,2,50
2950,51820,0,0
2951,51830,0,0
2952,51840,1,48
2953,53001,2,0
2954,53003,1,0
2955,53005,3,44
2956,53007,4,20
2957,53009,2,19
2958,53011,2,90
2959,53013,1,0
2960,53015,1,18
2961,53017,0,0
2962,53019,1,0
2963,53021,1,0
2964,53023,1,0
2965,53025,4,0
2966,53027,2,0
2967,53029,1,6
2968,53031,1,6
2969,53033,17,450
2970,53035,1,20
2971,53037,1,6
2972,53039,2,0
2973,53041,2,6
2974,53043,2,0
2975,53045,1,6
2976,53047,3,0
2977,53049,2,0
2978,53051,1,0
2979,53053,5,189
2980,53055,1,0
2981,53057,3,18
2982,53059,0,0
2983,53061,4,72
2984,53063,4,113
2985,53065,2,0
2986,53067,2,72
2987,53069,0,0
2988,53071,1,28
2989,53073,1,24
2990,53075,2,6
2991,53077,4,52
2992,54001,1,0
2993,54003,1,20
2994,54005,1,0
2995,54007,1,0
2996,54009,0,0
2997,54011,2,88
2998,54013,1,0
2999,54015,0,0
3000,54017,0,0
3001,54019,2,3
3002,54021,0,0
3003,54023,1,3
3004,54025,1,12
3005,54027,1,0
3006,54029,1,10
3007,54031,0,0
3008,54033,1,20
3009,54035,1,0
3010,54037,1,5
3011,54039,4,156
3012,54041,1,6
3013,54043,0,0
3014,54045,1,12
3015,54047,1,7
3016,54049,1,14
3017,54051,1,9
3018,54053,1,5
3019,54055,2,29
3020,54057,1,4
3021,54059,1,6
3022,54061,2,119
3023,54063,0,0
3024,54065,1,0
3025,54067,1,0
3026,54069,2,37
3027,54071,0,0
3028,54073,0,0
3029,54075,1,0
3030,54077,1,0
3031,54079,0,0
3032,54081,2,43
3033,54083,1,0
3034,54085,0,0
3035,54087,1,0
3036,54089,1,0
3037,54091,1,0
3038,54093,0,0
3039,54095,1,0
3040,54097,1,4
3041,54099,0,0
3042,54101,1,0
3043,54103,1,5
3044,54105,0,0
3045,54107,1,36
3046,54109,0,0
3047,55001,1,0
3048,55003,1,0
3049,55005,3,5
3050,55007,0,0
3051,55009,4,60
3052,55011,0,0
3053,55013,1,0
3054,55015,1,0
3055,55017,3,6
3056,55019,1,0
3057,55021,2,10
3058,55023,1,0
3059,55025,4,39
3060,55027,2,10
3061,55029,1,4
3062,55031,1,0
3063,55033,1,0
3064,55035,4,48
3065,55037,0,0
3066,55039,3,15
3067,55041,0,0
3068,55043,3,0
3069,55045,1,6
3070,55047,1,5
3071,55049,1,0
3072,55051,0,0
3073,55053,1,0
3074,55055,1,4
3075,55057,1,0
3076,55059,2,27
3077,55061,0,0
3078,55063,2,52
3079,55065,1,0
3080,55067,1,4
3081,55069,2,0
3082,55071,2,16
3083,55073,2,52
3084,55075,1,10
3085,55077,0,0
3086,55078,0,0
3087,55079,8,381
3088,55081,2,0
3089,55083,2,0
3090,55085,1,20
3091,55087,2,64
3092,55089,2,46
3093,55091,1,0
3094,55093,1,0
3095,55095,3,3
3096,55097,1,12
3097,55099,1,4
3098,55101,2,33
3099,55103,1,4
3100,55105,4,33
3101,55107,1,4
3102,55109,3,0
3103,55111,3,10
3104,55113,1,0
3105,55115,1,0
3106,55117,2,13
3107,55119,1,0
3108,55121,2,0
3109,55123,2,0
3110,55125,2,10
3111,55127,2,16
3112,55129,2,0
3113,55131,2,12
3114,55133,4,64
3115,55135,2,4
3116,55137,1,0
3117,55139,2,26
3118,55141,2,27
3119,56001,1,4
3120,56003,2,0
3121,56005,1,14
3122,56007,1,6
3123,56009,1,0
3124,56011,1,0
3125,56013,1,12
3126,56015,1,0
3127,56017,1,0
3128,56019,1,0
3129,56021,1,15
3130,56023,2,0
3131,56025,2,14
3132,56027,1,0
3133,56029,2,4
3134,56031,1,0
3135,56033,1,11
3136,56035,0,0
3137,56037,2,10
3138,56039,1,6
3139,56041,1,6
3140,56043,1,0
3141,56045,1,0
