,FIPS,total_pop,60plus
0,1001,55036,10523
1,1003,203360,53519
2,1005,26201,6150
3,1007,22580,4773
4,1009,57667,13600
5,1011,10478,2371
6,1013,20126,5151
7,1015,115527,27115
8,1017,33895,8501
9,1019,25855,7513
10,1021,43805,9429
11,1023,13188,3759
12,1025,24625,6134
13,1027,13407,3480
14,1029,14939,3691
15,1031,51073,11027
16,1033,54435,14062
17,1035,12649,3542
18,1037,10955,3145
19,1039,37519,10290
20,1041,13866,3371
21,1043,81703,19667
22,1045,49393,10498
23,1047,40755,9436
24,1049,71194,15782
25,1051,80989,15929
26,1053,37621,8677
27,1055,103132,25122
28,1057,16657,4604
29,1059,31507,7054
30,1061,26572,6716
31,1063,8533,2352
32,1065,14995,3945
33,1067,17110,4834
34,1069,104108,23474
35,1071,52326,13441
36,1073,659460,138161
37,1075,14021,3811
38,1077,92590,23452
39,1079,33288,7710
40,1081,156597,24513
41,1083,91695,18399
42,1085,10362,2481
43,1087,19358,4854
44,1089,353213,70040
45,1091,19743,5124
46,1093,30058,8196
47,1095,94738,21466
48,1097,414328,88103
49,1099,21745,5536
50,1101,227120,44214
51,1103,119157,26739
52,1105,9680,2278
53,1107,20170,4974
54,1109,33287,6441
55,1111,22530,6129
56,1113,58480,10680
57,1115,86937,18943
58,1117,208721,41610
59,1119,13084,3005
60,1121,80888,18842
61,1123,40756,11006
62,1125,204424,36426
63,1127,64927,16386
64,1129,16746,4103
65,1131,10919,2751
66,1133,23968,6575
67,2013,3338,510
68,2016,5784,707
69,2020,298225,43608
70,2050,17957,2082
71,2060,917,164
72,2068,2303,481
73,2070,4974,701
74,2090,100031,13950
75,2100,2537,727
76,2105,2146,645
77,2110,32434,5907
78,2122,57961,13154
79,2130,13745,2951
80,2150,13773,1915
81,2158,8129,674
82,2164,1301,189
83,2170,101135,16358
84,2180,9869,1151
85,2185,9757,1157
86,2188,7715,851
87,2195,3275,778
88,2198,6473,1381
89,2220,8810,1829
90,2230,1038,175
91,2240,6889,1256
92,2261,9439,1790
93,2275,2475,756
94,2282,682,142
95,2290,5453,1058
96,4001,71602,14107
97,4003,126516,35231
98,4005,138639,23195
99,4007,53145,18752
100,4009,37700,6933
101,4011,9368,1631
102,4012,20477,9183
103,4013,4155501,808534
104,4015,204691,73559
105,4017,107902,24267
106,4019,1007257,245814
107,4021,405537,100086
108,4023,46358,10530
109,4025,220972,85127
110,4027,204281,45739
111,5001,18352,4693
112,5003,20771,5094
113,5005,41093,15979
114,5007,251823,44616
115,5009,37212,9809
116,5011,10994,2825
117,5013,5194,1436
118,5015,27782,7997
119,5017,11008,2835
120,5019,22495,5000
121,5021,15190,4125
122,5023,25361,8437
123,5025,8332,2195
124,5027,23992,5481
125,5029,20954,5270
126,5031,104246,19242
127,5033,62119,13589
128,5035,49278,9487
129,5037,17164,4020
130,5039,7585,2206
131,5041,12094,3044
132,5043,18620,3890
133,5045,121282,19658
134,5047,17803,4640
135,5049,12092,4099
136,5051,97994,28731
137,5053,18076,4063
138,5055,44197,9006
139,5057,22154,5273
140,5059,33480,8417
141,5061,13472,3157
142,5063,37097,8706
143,5065,13521,4226
144,5067,17429,4039
145,5069,71373,15529
146,5071,26155,5619
147,5073,7051,2097
148,5075,16777,4447
149,5077,9614,2289
150,5079,13885,2882
151,5081,12494,3272
152,5083,21802,5494
153,5085,71568,12771
154,5087,15907,3897
155,5089,16374,6057
156,5091,43760,9791
157,5093,43534,8720
158,5095,7420,2254
159,5097,9059,3095
160,5099,8528,2133
161,5101,7898,2612
162,5103,24378,6183
163,5105,10320,2645
164,5107,19518,4632
165,5109,10893,3014
166,5111,24098,5793
167,5113,20212,5939
168,5115,63372,12757
169,5117,8309,2425
170,5119,392848,79133
171,5121,17514,4836
172,5123,26688,5393
173,5125,116252,26545
174,5127,10584,2606
175,5129,7925,2684
176,5131,127362,26807
177,5133,17206,3266
178,5135,17041,5487
179,5137,12443,4150
180,5139,40022,9680
181,5141,16751,5519
182,5143,223683,34691
183,5145,78706,16257
184,5147,6763,1975
185,5149,21601,4891
186,6001,1629615,300276
187,6003,1203,429
188,6005,37306,12967
189,6007,225207,53616
190,6009,45057,15872
191,6011,21479,4027
192,6013,1123678,231404
193,6015,27442,6262
194,6017,185015,49939
195,6019,971616,157757
196,6021,27935,6019
197,6023,135490,31200
198,6025,179957,30768
199,6027,18195,5588
200,6029,878744,130831
201,6031,150183,20569
202,6033,64095,19092
203,6035,31470,5929
204,6037,10105722,1800341
205,6039,154440,28392
206,6041,260814,72684
207,6043,17658,6311
208,6045,87497,24313
209,6047,267390,40383
210,6049,9017,3106
211,6051,14058,2723
212,6053,433168,76257
213,6055,141005,33686
214,6057,98838,33612
215,6059,3155816,598030
216,6061,374985,92327
217,6063,18724,6935
218,6065,2355002,437180
219,6067,1495400,279005
220,6069,58671,10074
221,6071,2121220,330448
222,6073,3283665,604412
223,6075,864263,179193
224,6077,724153,123774
225,6079,280119,70097
226,6081,763450,161619
227,6083,442996,86816
228,6085,1911226,338720
229,6087,273263,57232
230,6089,178919,47900
231,6091,2885,986
232,6093,43530,14018
233,6095,434981,90069
234,6097,500943,124291
235,6099,535684,92698
236,6101,95583,19219
237,6103,63247,15876
238,6105,13037,4734
239,6107,458809,69266
240,6109,53899,17942
241,6111,847834,167777
242,6113,212605,34981
243,6115,74644,12327
244,8001,487850,69778
245,8003,16345,2952
246,8005,626612,111767
247,8007,12592,4283
248,8009,3581,1178
249,8011,5806,1296
250,8013,316782,59425
251,8014,64283,11264
252,8015,18818,6312
253,8017,2127,380
254,8019,9257,2454
255,8021,8147,2034
256,8023,3628,1272
257,8025,5514,1074
258,8027,4505,2092
259,8029,30217,9773
260,8031,678467,109403
261,8033,1736,537
262,8035,320940,50139
263,8037,53726,8107
264,8039,24553,5592
265,8041,674826,116223
266,8043,46601,12609
267,8045,57945,10202
268,8047,5793,1583
269,8049,14793,3858
270,8051,16215,2905
271,8053,820,329
272,8055,6498,2568
273,8057,1372,398
274,8059,564029,124374
275,8061,1368,370
276,8063,7846,1873
277,8065,7481,1439
278,8067,54469,12490
279,8069,330976,67199
280,8071,14151,4307
281,8073,5520,1200
282,8075,21885,5056
283,8077,148798,35763
284,8079,834,394
285,8081,13056,2777
286,8083,25770,7299
287,8085,40908,12041
288,8087,28123,6047
289,8089,18325,4816
290,8091,4653,1815
291,8093,16900,4718
292,8095,4327,1037
293,8097,17747,4417
294,8099,12084,2840
295,8101,163368,39318
296,8103,6557,1362
297,8105,11430,2857
298,8107,24359,4914
299,8109,6338,1917
300,8111,569,164
301,8113,7804,1475
302,8115,2357,770
303,8117,29722,5667
304,8119,23769,6744
305,8121,4809,1285
306,8123,285729,48279
307,8125,10109,2385
308,9001,947328,197334
309,9003,897417,201242
310,9005,184454,50170
311,9007,164110,41372
312,9009,862127,194911
313,9011,270772,63495
314,9013,151596,31539
315,9015,116674,25482
316,10001,173145,36849
317,10003,555036,112051
318,10005,215551,71832
319,11001,672391,113026
320,12001,259865,47766
321,12003,27537,5367
322,12005,180117,40210
323,12007,26775,6394
324,12009,568183,170919
325,12011,1890416,406732
326,12013,14458,3483
327,12015,173236,81236
328,12017,141373,61636
329,12019,203291,41495
330,12021,356774,132129
331,12023,68484,17039
332,12027,35675,9739
333,12029,16323,5078
334,12031,912043,171837
335,12033,309924,68143
336,12035,105015,38651
337,12037,11675,3127
338,12039,46113,10880
339,12041,17191,4554
340,12043,13197,4162
341,12045,16018,3954
342,12047,14238,3247
343,12049,27326,5531
344,12051,39064,6808
345,12053,179144,61882
346,12055,100177,41387
347,12057,1351087,257269
348,12059,19483,4989
349,12061,147981,57277
350,12063,48571,12035
351,12065,14085,4326
352,12067,8684,1667
353,12069,326215,107419
354,12071,700165,239488
355,12073,285890,49057
356,12075,39713,12422
357,12077,8347,1621
358,12079,18518,4779
359,12081,363542,120595
360,12083,343778,119425
361,12085,155719,57914
362,12086,2702602,563748
363,12087,76745,22310
364,12089,78435,21894
365,12091,197591,41694
366,12093,40228,10230
367,12095,1290216,206342
368,12097,325168,57062
369,12099,1426772,414928
370,12101,498136,142985
371,12103,949842,293786
372,12105,652256,169578
373,12107,72435,21116
374,12109,226578,57092
375,12111,298763,87591
376,12113,166778,34353
377,12115,404839,174026
378,12117,449260,92794
379,12119,116754,74936
380,12121,43814,11617
381,12123,22350,5833
382,12125,15300,3196
383,12127,518660,160876
384,12129,31586,6317
385,12131,63457,16604
386,12133,24472,5555
387,13001,18471,4208
388,13003,8313,1451
389,13005,11279,2329
390,13007,3251,919
391,13009,45527,9287
392,13011,18363,4207
393,13013,75099,12454
394,13015,102623,18389
395,13017,17272,3982
396,13019,19014,4266
397,13021,153923,31993
398,13023,12779,2860
399,13025,18411,3792
400,13027,15629,4099
401,13029,34883,4985
402,13031,73742,11463
403,13033,22645,4540
404,13035,23556,4813
405,13037,6503,1362
406,13039,52252,8503
407,13043,10894,2476
408,13045,114898,20423
409,13047,65870,14752
410,13049,12963,2473
411,13051,285506,56014
412,13053,11096,645
413,13055,24880,5705
414,13057,235896,42210
415,13059,123554,17345
416,13061,3024,937
417,13063,274150,36959
418,13065,6788,1466
419,13067,739072,120689
420,13069,43048,7860
421,13071,45890,8918
422,13073,143723,26092
423,13075,17190,3527
424,13077,138015,25269
425,13079,12385,2798
426,13081,23005,5331
427,13083,16282,4079
428,13085,23397,6208
429,13087,27023,5831
430,13089,736066,121505
431,13091,21063,4726
432,13093,14053,3522
433,13095,91522,18997
434,13097,140152,22028
435,13099,10405,2739
436,13101,4011,681
437,13103,57087,9061
438,13105,19288,5092
439,13107,22502,4782
440,13109,10757,2260
441,13111,24480,8800
442,13113,110306,25277
443,13115,96471,20941
444,13117,211300,33215
445,13119,22328,5691
446,13121,1010420,159840
447,13123,29614,9166
448,13125,3027,713
449,13127,83467,20679
450,13129,56424,10941
451,13131,25048,5593
452,13133,16732,6034
453,13135,889954,122430
454,13137,43878,10665
455,13139,192865,36793
456,13141,8667,2435
457,13143,28722,6357
458,13145,33198,7948
459,13147,25535,7015
460,13149,11607,2692
461,13151,217506,34127
462,13153,150341,25522
463,13155,9278,2170
464,13157,63851,12724
465,13159,13732,3116
466,13161,14999,3219
467,13163,15954,3828
468,13165,8929,2049
469,13167,9800,2334
470,13169,28540,6333
471,13171,18282,3955
472,13173,10388,1972
473,13175,47451,10610
474,13177,29216,4964
475,13179,62120,7447
476,13181,7768,2318
477,13183,17857,2398
478,13185,113941,17921
479,13187,31567,7478
480,13189,21488,4855
481,13191,14061,4475
482,13193,13675,2925
483,13195,28600,6721
484,13197,8558,2190
485,13199,21152,5261
486,13201,5884,1561
487,13205,22574,4919
488,13207,26795,6594
489,13209,8962,1891
490,13211,18013,4678
491,13213,39444,7520
492,13215,198647,34483
493,13217,105042,18455
494,13219,35972,7602
495,13221,14654,3441
496,13223,152399,21365
497,13225,27027,5201
498,13227,30343,8464
499,13229,19141,4228
500,13231,17919,3658
501,13233,41444,8705
502,13235,11396,2806
503,13237,21430,6275
504,13239,2140,913
505,13241,16354,5564
506,13243,7206,2258
507,13245,201568,38152
508,13247,88482,17124
509,13249,5168,1100
510,13251,14037,3450
511,13253,8549,2541
512,13255,64192,14777
513,13257,25625,6327
514,13259,5832,1209
515,13261,30687,6539
516,13263,6423,2045
517,13265,1844,511
518,13267,25402,4769
519,13269,8267,2020
520,13271,16339,3802
521,13273,8978,2148
522,13275,44909,10319
523,13277,40531,8091
524,13279,27160,5815
525,13281,11173,4566
526,13283,6752,1666
527,13285,69433,13380
528,13287,8036,2004
529,13289,8323,2395
530,13291,22262,8856
531,13293,26241,6294
532,13295,68609,16583
533,13297,88695,17821
534,13299,35688,7974
535,13301,5410,1586
536,13303,20506,4483
537,13305,29833,6149
538,13307,2627,671
539,13309,7952,1550
540,13311,28509,7553
541,13313,103963,18625
542,13315,8896,1960
543,13317,9905,2863
544,13319,9147,2285
545,13321,20809,5131
546,15001,196325,52582
547,15003,990060,218287
548,15005,86,27
549,15007,71093,18043
550,15009,164094,37939
551,16001,435117,80856
552,16003,3946,1513
553,16005,84113,15750
554,16007,5942,1565
555,16009,9050,2780
556,16011,45369,8667
557,16013,21583,5080
558,16015,6968,2461
559,16017,41855,13317
560,16019,110404,20000
561,16021,11323,3394
562,16023,2613,807
563,16025,886,267
564,16027,207027,36810
565,16029,6862,1645
566,16031,23472,4324
567,16033,1055,184
568,16035,8533,3035
569,16037,4141,1641
570,16039,26232,4586
571,16041,13120,2458
572,16043,12889,2942
573,16045,16850,4887
574,16047,15110,3215
575,16049,16275,5638
576,16051,27410,4382
577,16053,23039,4145
578,16055,150128,36910
579,16057,38697,6552
580,16059,7755,2895
581,16061,3824,1252
582,16063,5296,973
583,16065,38241,3374
584,16067,20448,4407
585,16069,40014,10185
586,16071,4284,1060
587,16073,11384,2589
588,16075,22839,5298
589,16077,7667,1593
590,16079,12490,3745
591,16081,10776,1500
592,16083,82248,16621
593,16085,10104,3660
594,16087,9996,3185
595,17001,66787,16968
596,17003,6776,1841
597,17005,17034,4097
598,17007,53638,10544
599,17009,6791,1260
600,17011,33619,9368
601,17013,4897,1471
602,17015,14704,4653
603,17017,12880,2896
604,17019,207946,35016
605,17021,33562,8376
606,17023,15924,4021
607,17025,13393,3767
608,17027,37640,8553
609,17029,52540,11175
610,17031,5238541,1005046
611,17033,19214,4912
612,17035,10899,2730
613,17037,104473,16887
614,17039,16176,3995
615,17041,19830,4574
616,17043,931826,189208
617,17045,17603,4908
618,17047,6570,1759
619,17049,34164,8041
620,17051,21980,5172
621,17053,13470,3522
622,17055,39302,10199
623,17057,35733,9382
624,17059,5226,1526
625,17061,13311,3320
626,17063,50333,9077
627,17065,8259,2379
628,17067,18264,5387
629,17069,4161,1198
630,17071,6927,2225
631,17073,49649,12932
632,17075,28457,8008
633,17077,59115,11301
634,17079,9608,2496
635,17081,38358,9508
636,17083,22215,5642
637,17085,22046,7704
638,17087,12899,3202
639,17089,529402,93411
640,17091,110801,23667
641,17093,122933,16292
642,17095,51374,13829
643,17097,704476,131932
644,17099,111151,27315
645,17101,16457,3784
646,17103,34670,8585
647,17105,36812,9046
648,17107,29488,7086
649,17109,31597,7097
650,17111,308043,58774
651,17113,173231,29727
652,17115,107587,27263
653,17117,45960,12200
654,17119,266153,60531
655,17121,38305,9723
656,17123,11925,3583
657,17125,13904,3948
658,17127,14594,3963
659,17129,12416,3156
660,17131,15794,4395
661,17133,33739,7670
662,17135,29173,7326
663,17137,34442,8786
664,17139,14711,3592
665,17141,51619,12307
666,17143,186145,40675
667,17145,21467,5195
668,17147,16433,4034
669,17149,15930,4190
670,17151,4360,1604
671,17153,5691,1566
672,17155,5771,1655
673,17157,32829,8130
674,17159,15953,4167
675,17161,146205,35994
676,17163,264433,54566
677,17165,24430,6376
678,17167,198134,45191
679,17169,7181,2052
680,17171,5109,1345
681,17173,21906,6197
682,17175,5551,1581
683,17177,45839,13432
684,17179,134695,31973
685,17181,17267,4624
686,17183,79207,19371
687,17185,11568,3004
688,17187,17429,4147
689,17189,14260,3641
690,17191,16569,4419
691,17193,14186,3906
692,17195,56823,14999
693,17197,687727,116816
694,17199,67477,16353
695,17201,287512,65218
696,17203,38942,8978
697,18001,35018,7140
698,18003,367747,70976
699,18005,81024,16862
700,18007,8685,2012
701,18009,12214,3332
702,18011,63013,11259
703,18013,15007,4827
704,18015,19994,5056
705,18017,38248,8878
706,18019,114893,23978
707,18021,26375,6400
708,18023,32455,7149
709,18025,10598,2693
710,18027,32777,6611
711,18029,49564,11201
712,18031,26480,5924
713,18033,42524,9197
714,18035,115938,25540
715,18037,42379,9945
716,18039,202924,38669
717,18041,23426,6065
718,18043,76481,16661
719,18045,16620,4359
720,18047,22835,5422
721,18049,20296,5248
722,18051,33596,7576
723,18053,67615,16678
724,18055,32431,8315
725,18057,309687,49209
726,18059,72776,15514
727,18061,39450,9441
728,18063,158170,28822
729,18065,48649,12162
730,18067,82457,20461
731,18069,36520,8144
732,18071,43779,9380
733,18073,33448,7509
734,18075,21107,5031
735,18077,32293,7164
736,18079,27840,6079
737,18081,149359,29234
738,18083,37763,8735
739,18085,78720,16785
740,18087,38720,7291
741,18089,488694,104898
742,18091,110839,25713
743,18093,45669,11750
744,18095,129641,30680
745,18097,939964,160942
746,18099,46752,10866
747,18101,10219,2501
748,18103,36035,7957
749,18105,144436,23773
750,18107,38288,8814
751,18109,69533,15510
752,18111,14056,3390
753,18113,47421,9969
754,18115,5911,1568
755,18117,19623,4677
756,18119,20957,5415
757,18121,17062,4098
758,18123,19229,4691
759,18125,12471,3271
760,18127,167391,36197
761,18129,25599,6134
762,18131,12761,3245
763,18133,37543,8058
764,18135,25203,6468
765,18137,28372,6402
766,18139,16765,4040
767,18141,268613,57385
768,18143,23722,5247
769,18145,44339,10052
770,18147,20610,5172
771,18149,22966,5553
772,18151,34459,8776
773,18153,20900,4547
774,18155,10617,2474
775,18157,186081,28594
776,18159,15290,3910
777,18161,7225,1800
778,18163,181831,40560
779,18165,15644,4085
780,18167,107723,22306
781,18169,31848,8461
782,18171,8269,2214
783,18173,61581,13734
784,18175,27807,6355
785,18177,66972,16958
786,18179,27832,6613
787,18181,24279,6402
788,18183,33481,8060
789,19001,7192,2161
790,19003,3785,1142
791,19005,13940,4004
792,19007,12547,3759
793,19009,5711,1817
794,19011,25646,5969
795,19013,132960,28271
796,19015,26381,6491
797,19017,24741,6207
798,19019,21101,4777
799,19021,20369,4287
800,19023,14822,4297
801,19025,9814,3002
802,19027,20428,5287
803,19029,13327,3898
804,19031,18368,4727
805,19033,43134,12003
806,19035,11577,3637
807,19037,12140,3281
808,19039,9267,2256
809,19041,16387,4559
810,19043,17711,5374
811,19045,47587,12082
812,19047,17131,3829
813,19049,80864,12950
814,19051,8834,2110
815,19053,8105,2081
816,19055,17326,4418
817,19057,39876,10621
818,19059,17000,5604
819,19061,96571,22155
820,19063,9661,2546
821,19065,20139,5519
822,19067,15904,4425
823,19069,10326,2904
824,19071,6985,2030
825,19073,9046,2584
826,19075,12354,3350
827,19077,10664,3168
828,19079,15201,4022
829,19081,10971,3061
830,19083,17239,4835
831,19085,14196,3779
832,19087,19865,4736
833,19089,9321,2496
834,19091,9586,2548
835,19093,6965,2010
836,19095,16231,3976
837,19097,19409,5316
838,19099,36789,9289
839,19101,17945,5327
840,19103,144425,21650
841,19105,20468,5304
842,19107,10223,2899
843,19109,15166,4508
844,19111,34785,9123
845,19113,220008,45693
846,19115,11238,2610
847,19117,8600,2459
848,19119,11745,2710
849,19121,15720,3468
850,19123,22301,5458
851,19125,33127,7804
852,19127,40476,9549
853,19129,14933,3584
854,19131,10663,2990
855,19133,8865,2842
856,19135,7912,1998
857,19137,10239,2863
858,19139,42923,9608
859,19141,13944,3787
860,19143,6149,1621
861,19145,15393,4507
862,19147,9110,2512
863,19149,25027,6126
864,19151,6972,2100
865,19153,467235,81860
866,19155,93287,21265
867,19157,18428,4687
868,19159,4986,1529
869,19161,9936,2963
870,19163,171493,36851
871,19165,11772,3381
872,19167,34692,6858
873,19169,95888,14980
874,19171,17236,4455
875,19173,6214,1749
876,19175,12497,3366
877,19177,7308,2036
878,19179,35321,8335
879,19181,48630,10113
880,19183,22095,5388
881,19185,6405,1872
882,19187,36945,8966
883,19189,10545,3095
884,19191,20575,5243
885,19193,102397,20666
886,19195,7502,1990
887,19197,12864,3778
888,20001,12752,3383
889,20003,7840,2090
890,20005,16466,3518
891,20007,4905,1307
892,20009,27067,6712
893,20011,14757,3661
894,20013,9736,2486
895,20015,66260,13403
896,20017,2665,837
897,20019,3425,1156
898,20021,20501,5088
899,20023,2677,911
900,20025,2089,587
901,20027,8203,2413
902,20029,9191,2463
903,20031,8328,2233
904,20033,1741,582
905,20035,35732,8333
906,20037,39099,7956
907,20039,2891,989
908,20041,19162,4867
909,20043,7790,2038
910,20045,117806,18450
911,20047,2946,782
912,20049,2581,935
913,20051,28877,5912
914,20053,6331,1772
915,20055,37097,5555
916,20057,34658,5103
917,20059,25599,5593
918,20061,35796,3964
919,20063,2632,882
920,20065,2561,862
921,20067,7716,1303
922,20069,6004,1227
923,20071,1210,371
924,20073,6227,2057
925,20075,2621,455
926,20077,5746,1672
927,20079,34683,8619
928,20081,4081,804
929,20083,1875,577
930,20085,13322,3473
931,20087,18856,4716
932,20089,2963,1107
933,20091,578797,110038
934,20093,3931,755
935,20095,7576,2096
936,20097,2524,729
937,20099,20553,5125
938,20101,1702,442
939,20103,79359,15061
940,20105,3121,944
941,20107,9602,2635
942,20109,2790,840
943,20111,33302,6409
944,20113,28792,7540
945,20115,12087,3564
946,20117,9859,2826
947,20119,4295,1016
948,20121,32976,7544
949,20123,6230,1776
950,20125,33463,8712
951,20127,5605,1854
952,20129,2931,666
953,20131,10095,2619
954,20133,16209,4042
955,20135,3001,969
956,20137,5527,1317
957,20139,15894,4124
958,20141,3684,1175
959,20143,5957,1490
960,20145,6776,1864
961,20147,5446,1631
962,20149,23188,4546
963,20151,9670,2512
964,20153,2520,865
965,20155,63360,15902
966,20157,4705,1745
967,20159,9868,2499
968,20161,75696,8478
969,20163,5148,1392
970,20165,3119,974
971,20167,6987,2235
972,20169,55334,12413
973,20171,4981,1338
974,20173,510484,97508
975,20175,22948,3309
976,20177,178392,41511
977,20179,2497,725
978,20181,5999,1592
979,20183,3693,1327
980,20185,4251,1151
981,20187,2107,490
982,20189,5741,1076
983,20191,23336,5525
984,20193,7847,1833
985,20195,2899,892
986,20197,6918,1733
987,20199,1591,421
988,20201,5572,1719
989,20203,2157,537
990,20205,8858,2497
991,20207,3178,1025
992,20209,163227,27635
993,21001,19304,4558
994,21003,20628,4783
995,21005,22017,4689
996,21007,8152,2211
997,21009,43418,9933
998,21011,12189,2815
999,21013,27469,6714
1000,21015,127682,22880
1001,21017,20017,4949
1002,21019,48486,12601
1003,21021,29773,7324
1004,21023,8330,1834
1005,21025,13276,2950
1006,21027,19991,5162
1007,21029,78622,16484
1008,21031,12735,3036
1009,21033,12747,3148
1010,21035,38616,8253
1011,21037,91804,19251
1012,21039,4890,1333
1013,21041,10695,2153
1014,21043,27385,6600
1015,21045,15805,4012
1016,21047,72438,11300
1017,21049,35757,8552
1018,21051,20866,4137
1019,21053,10208,2661
1020,21055,9154,2418
1021,21057,6744,1807
1022,21059,99258,22152
1023,21061,12063,3138
1024,21063,7533,1799
1025,21065,14382,3491
1026,21067,315109,55235
1027,21069,14515,3347
1028,21071,37447,8825
1029,21073,49969,11999
1030,21075,6259,1667
1031,21077,8652,1693
1032,21079,17226,4077
1033,21081,24800,4489
1034,21083,37259,8947
1035,21085,26129,6066
1036,21087,11044,3113
1037,21089,36012,9521
1038,21091,8700,1996
1039,21093,107699,19472
1040,21095,27548,6579
1041,21097,18630,4370
1042,21099,18531,4124
1043,21101,46252,10871
1044,21103,15677,3627
1045,21105,4625,1387
1046,21107,45985,11048
1047,21109,13369,3018
1048,21111,764378,161771
1049,21113,51667,10163
1050,21115,23064,5441
1051,21117,163987,31245
1052,21119,15690,3700
1053,21121,31424,7187
1054,21123,14102,3193
1055,21125,59901,12999
1056,21127,15844,3685
1057,21129,6717,1622
1058,21131,10648,2421
1059,21133,23011,5498
1060,21135,13565,3211
1061,21137,24413,5718
1062,21139,9288,2565
1063,21141,26847,6256
1064,21143,8268,2744
1065,21145,65285,16639
1066,21147,17748,3649
1067,21149,9361,2342
1068,21151,88376,16155
1069,21153,12783,2681
1070,21155,19335,4112
1071,21157,31177,8929
1072,21159,12175,2520
1073,21161,17167,4041
1074,21163,28452,5153
1075,21165,6381,1692
1076,21167,21378,5365
1077,21169,9990,2518
1078,21171,10645,2575
1079,21173,27550,5851
1080,21175,13281,3148
1081,21177,31153,7703
1082,21179,45131,9073
1083,21181,7061,1716
1084,21183,24062,5824
1085,21185,64633,11255
1086,21187,10686,2733
1087,21189,4497,1077
1088,21191,14530,2966
1089,21193,27329,6143
1090,21195,61586,14290
1091,21197,12349,2502
1092,21199,63974,15846
1093,21201,2161,601
1094,21203,16815,4047
1095,21205,24392,4411
1096,21207,17731,4680
1097,21209,52322,8436
1098,21211,45831,9425
1099,21213,17881,3934
1100,21215,18012,3154
1101,21217,25406,5890
1102,21219,12377,2555
1103,21221,14286,4271
1104,21223,8697,2046
1105,21225,14915,3262
1106,21227,123824,21484
1107,21229,11999,2857
1108,21231,20692,5282
1109,21233,13180,3120
1110,21235,36027,8053
1111,21237,7251,1797
1112,21239,25817,6129
1113,22001,62607,12138
1114,22003,25667,4916
1115,22005,119129,18726
1116,22007,22881,5211
1117,22009,41095,9096
1118,22011,36598,7788
1119,22013,13806,3706
1120,22015,125698,23653
1121,22017,251069,54633
1122,22019,198753,39284
1123,22021,10000,2320
1124,22023,6806,1649
1125,22025,10044,2388
1126,22027,16296,3960
1127,22029,20211,4548
1128,22031,27164,6289
1129,22033,446167,81150
1130,22035,7318,1369
1131,22037,19553,4704
1132,22039,33750,6942
1133,22041,20388,4672
1134,22043,22305,4423
1135,22045,73346,14679
1136,22047,33122,6966
1137,22049,15952,3997
1138,22051,437038,96599
1139,22053,31405,6940
1140,22055,238230,41592
1141,22057,98112,19612
1142,22059,14930,3353
1143,22061,47536,8335
1144,22063,137096,24235
1145,22065,11616,2251
1146,22067,26290,6321
1147,22069,39051,8279
1148,22071,388182,74618
1149,22073,156433,30466
1150,22075,23394,4024
1151,22077,22271,5833
1152,22079,132080,27820
1153,22081,8723,2085
1154,22083,20619,4470
1155,22085,24145,6342
1156,22087,45067,6771
1157,22089,52728,9258
1158,22091,10509,2784
1159,22093,21485,4921
1160,22095,43565,8070
1161,22097,83580,17636
1162,22099,53609,10425
1163,22101,52578,11173
1164,22103,249201,55158
1165,22105,128850,24738
1166,22107,4771,1350
1167,22109,113067,21180
1168,22111,22537,6027
1169,22113,59841,11580
1170,22115,51906,7791
1171,22117,46449,11494
1172,22119,40043,10020
1173,22121,25518,4884
1174,22123,11274,2783
1175,22125,15376,3049
1176,22127,14631,3354
1177,23001,107317,24289
1178,23003,68840,20453
1179,23005,289173,68027
1180,23007,30177,8571
1181,23009,54468,16940
1182,23011,121289,31337
1183,23013,39700,12268
1184,23015,34021,11973
1185,23017,57230,16027
1186,23019,152284,36356
1187,23021,16960,5761
1188,23023,35149,9471
1189,23025,50994,13707
1190,23027,39280,11094
1191,23029,31822,9959
1192,23031,201454,52544
1193,24001,72591,18311
1194,24003,564600,111090
1195,24005,828637,186412
1196,24009,90824,18153
1197,24011,32785,6877
1198,24013,167319,36730
1199,24015,102416,21069
1200,24017,156021,26064
1201,24019,32386,8893
1202,24021,246105,46881
1203,24023,29516,8442
1204,24025,250132,53295
1205,24027,312495,57302
1206,24029,19666,6220
1207,24031,1039198,209461
1208,24033,905161,159437
1209,24035,49071,12065
1210,24037,110979,18983
1211,24039,25801,5570
1212,24041,37461,12868
1213,24043,149546,33148
1214,24045,102014,21277
1215,24047,51559,17655
1216,24510,619796,115716
1217,25001,213900,80676
1218,25003,127751,37339
1219,25005,557016,124173
1220,25007,17275,5109
1221,25009,775860,173485
1222,25011,70926,19773
1223,25013,469188,103567
1224,25015,161197,34945
1225,25017,1582857,319971
1226,25019,10912,2283
1227,25021,694389,155147
1228,25023,509114,119899
1229,25025,780685,125537
1230,25027,818249,170081
1231,26001,10413,4705
1232,26003,9254,3126
1233,26005,114145,24717
1234,26007,28730,8520
1235,26009,23133,8100
1236,26011,15238,4939
1237,26013,8580,2373
1238,26015,59607,14931
1239,26017,105350,27300
1240,26019,17462,5771
1241,26021,154948,39067
1242,26023,43543,10379
1243,26025,134327,31227
1244,26027,51397,13966
1245,26029,26160,8123
1246,26031,25475,8824
1247,26033,38023,8659
1248,26035,30597,9532
1249,26037,77321,16938
1250,26039,13821,4436
1251,26041,36395,10991
1252,26043,25694,7463
1253,26045,108586,26110
1254,26047,32978,9255
1255,26049,410881,93094
1256,26051,25324,8522
1257,26053,15577,5016
1258,26055,91222,23009
1259,26057,41319,9162
1260,26059,45909,11598
1261,26061,36333,8122
1262,26063,31750,10169
1263,26065,286185,51447
1264,26067,64147,12876
1265,26069,25317,9417
1266,26071,11291,4274
1267,26073,70572,11665
1268,26075,158989,36118
1269,26077,259830,51450
1270,26079,17358,4698
1271,26081,636376,115828
1272,26083,2136,907
1273,26085,11669,4182
1274,26087,88205,20857
1275,26089,21564,8279
1276,26091,98585,23897
1277,26093,186946,41663
1278,26095,6406,1804
1279,26097,10836,3817
1280,26099,864019,192977
1281,26101,24432,8002
1282,26103,67145,16470
1283,26105,28800,8675
1284,26107,43181,10289
1285,26109,23389,7186
1286,26111,83489,19242
1287,26113,14982,4031
1288,26115,149619,35206
1289,26117,62956,14301
1290,26119,9290,3665
1291,26121,172707,37993
1292,26123,47899,12202
1293,26125,1241860,273867
1294,26127,26317,7218
1295,26129,20979,6773
1296,26131,6072,2710
1297,26133,23221,6243
1298,26135,8304,2898
1299,26137,24247,6554
1300,26139,280243,54457
1301,26141,12854,5142
1302,26143,23934,9877
1303,26145,193803,47390
1304,26147,159761,38914
1305,26149,60890,14461
1306,26151,41535,11385
1307,26153,8114,2847
1308,26155,68617,16363
1309,26157,53569,14012
1310,26159,75190,18230
1311,26161,361509,65781
1312,26163,1763822,362535
1313,26165,32915,8300
1314,27001,15841,6467
1315,27003,344861,63313
1316,27005,33552,9157
1317,27007,45847,9482
1318,27009,39360,7326
1319,27011,5039,1693
1320,27013,65767,12070
1321,27015,25243,6857
1322,27017,35408,8198
1323,27019,98799,15454
1324,27021,28810,9475
1325,27023,12040,3359
1326,27025,54297,10806
1327,27027,62040,10982
1328,27029,8824,2327
1329,27031,5270,1941
1330,27033,11437,3290
1331,27035,63505,17980
1332,27037,414655,76445
1333,27039,20485,4015
1334,27041,36891,10617
1335,27043,13966,4173
1336,27045,20825,5688
1337,27047,30619,8707
1338,27049,46138,11621
1339,27051,5923,1742
1340,27053,1224763,229263
1341,27055,18709,5202
1342,27057,20743,6829
1343,27059,38584,8001
1344,27061,45237,13673
1345,27063,10104,2709
1346,27065,15948,4382
1347,27067,42577,10445
1348,27069,4384,1407
1349,27071,12776,3913
1350,27073,6840,2313
1351,27075,10578,3602
1352,27077,3841,1232
1353,27079,27810,6343
1354,27081,5724,1776
1355,27083,25789,5263
1356,27085,35816,8587
1357,27087,5500,1271
1358,27089,9397,2567
1359,27091,20084,5976
1360,27093,23105,6003
1361,27095,25635,6127
1362,27097,32880,8184
1363,27099,39386,9579
1364,27101,8394,2671
1365,27103,33477,6976
1366,27105,21854,4637
1367,27107,6589,1823
1368,27109,151685,29861
1369,27111,57790,17615
1370,27113,14197,3528
1371,27115,29057,7541
1372,27117,9229,2504
1373,27119,31564,7554
1374,27121,10932,3343
1375,27123,537893,102817
1376,27125,4017,1029
1377,27127,15430,4318
1378,27129,14798,4088
1379,27131,65251,13206
1380,27133,9433,2496
1381,27135,15537,3493
1382,27137,200294,50288
1383,27139,141463,20208
1384,27141,92024,13888
1385,27143,14888,3491
1386,27145,155300,30193
1387,27147,36612,8393
1388,27149,9759,2143
1389,27151,9448,2663
1390,27153,24423,6859
1391,27155,3357,1101
1392,27157,21490,5929
1393,27159,13626,3789
1394,27161,18898,4286
1395,27163,250979,49212
1396,27165,10936,2839
1397,27167,6398,1726
1398,27169,50992,10914
1399,27171,131130,22152
1400,27173,9930,2657
1401,28001,31583,7493
1402,28003,37242,8512
1403,28005,12574,3755
1404,28007,18731,4680
1405,28009,8306,2049
1406,28011,33121,6690
1407,28013,14617,3727
1408,28015,10221,2872
1409,28017,17305,3982
1410,28019,8360,2362
1411,28021,9106,1890
1412,28023,16089,4038
1413,28025,19990,4730
1414,28027,24296,4799
1415,28029,28748,6493
1416,28031,19172,4312
1417,28033,173267,29708
1418,28035,75835,13870
1419,28037,7772,2064
1420,28039,23545,4774
1421,28041,13801,2497
1422,28043,21379,4746
1423,28045,46277,11941
1424,28047,200491,38987
1425,28049,243249,44090
1426,28051,18267,3568
1427,28053,8678,1849
1428,28055,1296,285
1429,28057,23439,5355
1430,28059,141314,28610
1431,28061,16547,4371
1432,28063,7463,1641
1433,28065,11639,3162
1434,28067,68328,14853
1435,28069,10082,2367
1436,28071,52744,8639
1437,28073,60517,10854
1438,28075,78221,17686
1439,28077,12659,3005
1440,28079,22936,4515
1441,28081,84840,16183
1442,28083,30113,5674
1443,28085,34542,7781
1444,28087,59558,12035
1445,28089,102212,18766
1446,28091,25466,5805
1447,28093,35981,7858
1448,28095,35967,9309
1449,28097,10309,2723
1450,28099,29437,5993
1451,28101,21437,4496
1452,28103,10942,2193
1453,28105,49392,7290
1454,28107,34229,7047
1455,28109,55049,13434
1456,28111,12047,2963
1457,28113,39763,8664
1458,28115,31075,6065
1459,28117,25389,6023
1460,28119,7537,1751
1461,28121,149645,29151
1462,28123,28399,5665
1463,28125,4631,994
1464,28127,27215,6069
1465,28129,16114,3931
1466,28131,17981,3849
1467,28133,26915,4684
1468,28135,14552,2813
1469,28137,28333,5924
1470,28139,21993,4899
1471,28141,19476,5209
1472,28143,10276,1747
1473,28145,28202,6249
1474,28147,14670,3582
1475,28149,47510,10588
1476,28151,48002,9825
1477,28153,20458,4447
1478,28155,9868,2204
1479,28157,9084,2046
1480,28159,18482,4963
1481,28161,12426,3373
1482,28163,27496,4778
1483,29001,25437,4911
1484,29003,17358,4296
1485,29005,5335,1721
1486,29007,25763,6046
1487,29009,35398,9615
1488,29011,11942,3000
1489,29013,16405,4245
1490,29015,18918,7360
1491,29017,12347,3295
1492,29019,174589,28350
1493,29021,89425,18624
1494,29023,42826,10394
1495,29025,9046,2392
1496,29027,44793,9537
1497,29029,44855,15571
1498,29031,78013,16826
1499,29033,8909,2477
1500,29035,6255,1620
1501,29037,101888,22296
1502,29039,13862,3982
1503,29041,7586,2288
1504,29043,83028,16810
1505,29045,6807,1916
1506,29047,236068,44493
1507,29049,20495,4743
1508,29051,76749,16261
1509,29053,17620,4083
1510,29055,24387,5953
1511,29057,7581,2250
1512,29059,16441,4324
1513,29061,8300,2185
1514,29063,12564,2717
1515,29065,15566,4322
1516,29067,13391,3895
1517,29069,30905,7240
1518,29071,102413,22817
1519,29073,14769,4445
1520,29075,6688,1683
1521,29077,286759,60988
1522,29079,10111,2793
1523,29081,8615,2484
1524,29083,21834,5958
1525,29085,9352,3794
1526,29087,4499,1389
1527,29089,10144,2395
1528,29091,40139,9866
1529,29093,10286,2880
1530,29095,688554,136794
1531,29097,118522,23997
1532,29099,222639,44346
1533,29101,53941,8743
1534,29103,3976,1111
1535,29105,35488,8182
1536,29107,32655,8174
1537,29109,38131,9049
1538,29111,10078,2396
1539,29113,54800,9951
1540,29115,12248,3264
1541,29117,15025,3870
1542,29119,22753,4923
1543,29121,15319,4479
1544,29123,12226,3126
1545,29125,8959,2377
1546,29127,28703,6636
1547,29129,3669,1037
1548,29131,24947,6151
1549,29133,13916,3068
1550,29135,15904,3467
1551,29137,8676,2514
1552,29139,11618,3177
1553,29141,20097,6188
1554,29143,18030,4377
1555,29145,58237,13667
1556,29147,22744,4356
1557,29149,10779,3347
1558,29151,13610,3017
1559,29153,9328,3114
1560,29155,17344,3691
1561,29157,19135,4591
1562,29159,42309,9293
1563,29161,44873,9354
1564,29163,18517,4252
1565,29165,96899,18623
1566,29167,31347,7355
1567,29169,53132,6246
1568,29171,4846,1486
1569,29173,10208,2800
1570,29175,24987,5586
1571,29177,22859,5551
1572,29179,6361,1916
1573,29181,13807,3623
1574,29183,385115,74900
1575,29185,9396,3278
1576,29186,17882,4593
1577,29187,66248,14643
1578,29189,999539,235062
1579,29195,23010,5380
1580,29197,4450,1136
1581,29199,4883,1143
1582,29201,38858,9126
1583,29203,8273,2279
1584,29205,6084,1705
1585,29207,29634,7527
1586,29209,31529,12153
1587,29211,6382,1620
1588,29213,54308,14724
1589,29215,25714,6773
1590,29217,20665,5056
1591,29219,33554,8041
1592,29221,24968,5493
1593,29223,13369,3895
1594,29225,37558,7556
1595,29227,2053,630
1596,29229,18304,4787
1597,29510,314867,57543
1598,30001,9360,2739
1599,30003,13290,2252
1600,30005,6646,1338
1601,30007,5755,1828
1602,30009,10466,3544
1603,30011,1320,457
1604,30013,81816,19330
1605,30015,5812,1617
1606,30017,11895,3032
1607,30019,1788,529
1608,30021,9324,2324
1609,30023,9131,2878
1610,30025,2925,737
1611,30027,11327,3317
1612,30029,96147,24545
1613,30031,100733,17127
1614,30033,1086,310
1615,30035,13677,2288
1616,30037,747,281
1617,30039,3206,1229
1618,30041,16468,3176
1619,30043,11625,3437
1620,30045,1965,630
1621,30047,29518,8372
1622,30049,66290,16327
1623,30051,2245,724
1624,30053,19249,7031
1625,30055,1728,550
1626,30057,7902,3066
1627,30059,2000,578
1628,30061,4194,1542
1629,30063,114231,22759
1630,30065,4766,1594
1631,30067,16001,4577
1632,30069,453,141
1633,30071,4139,1155
1634,30073,6081,1684
1635,30075,1610,534
1636,30077,6852,1842
1637,30079,1325,462
1638,30081,41387,13513
1639,30083,11405,2372
1640,30085,11218,1796
1641,30087,9292,1891
1642,30089,11414,4282
1643,30091,3568,1075
1644,30093,34514,8536
1645,30095,9342,2685
1646,30097,3646,1290
1647,30099,6040,1756
1648,30101,5031,1261
1649,30103,790,262
1650,30105,7561,2163
1651,30107,2108,537
1652,30109,1121,380
1653,30111,156332,34804
1654,31001,31564,7465
1655,31003,6406,1958
1656,31005,421,112
1657,31007,728,184
1658,31009,502,164
1659,31011,5357,1632
1660,31013,11200,2881
1661,31015,2049,704
1662,31017,3058,1042
1663,31019,48834,9288
1664,31021,6546,2059
1665,31023,8105,2184
1666,31025,25513,5904
1667,31027,8561,2423
1668,31029,3803,1112
1669,31031,5792,1699
1670,31033,10012,2396
1671,31035,6264,1617
1672,31037,10616,1928
1673,31039,9039,2467
1674,31041,10836,3058
1675,31043,20529,3746
1676,31045,8972,2181
1677,31047,23925,4804
1678,31049,1901,600
1679,31051,5765,1552
1680,31053,36576,9091
1681,31055,549706,95539
1682,31057,2017,546
1683,31059,5603,1687
1684,31061,3019,1067
1685,31063,2624,840
1686,31065,4814,1514
1687,31067,21632,5923
1688,31069,1913,650
1689,31071,1958,734
1690,31073,2019,614
1691,31075,682,213
1692,31077,2436,760
1693,31079,61233,11885
1694,31081,9149,2394
1695,31083,3469,1149
1696,31085,957,294
1697,31087,2860,867
1698,31089,10293,2986
1699,31091,684,316
1700,31093,6385,1788
1701,31095,7276,2404
1702,31097,5200,1335
1703,31099,6547,1735
1704,31101,8129,2712
1705,31103,720,230
1706,31105,3688,1160
1707,31107,8496,2628
1708,31109,306357,55100
1709,31111,35569,8746
1710,31113,919,229
1711,31115,537,172
1712,31117,432,115
1713,31119,35062,7213
1714,31121,7829,2144
1715,31123,4903,1322
1716,31125,3569,1046
1717,31127,7041,1894
1718,31129,4318,1511
1719,31131,15875,4084
1720,31133,2704,885
1721,31135,2904,883
1722,31137,9163,2410
1723,31139,7175,1814
1724,31141,32875,7783
1725,31143,5244,1551
1726,31145,10870,2755
1727,31147,8045,2480
1728,31149,1381,505
1729,31151,14325,2883
1730,31153,175188,26946
1731,31155,20953,5028
1732,31157,36509,9022
1733,31159,17045,3968
1734,31161,5241,1703
1735,31163,3048,1003
1736,31165,1256,415
1737,31167,6020,1401
1738,31169,5133,1792
1739,31171,643,195
1740,31173,7055,1213
1741,31175,4252,1353
1742,31177,20414,4635
1743,31179,9409,1963
1744,31181,3597,1110
1745,31183,846,289
1746,31185,13832,3577
1747,32001,24022,5694
1748,32003,2112436,405618
1749,32005,47632,16331
1750,32007,52377,8008
1751,32009,1102,386
1752,32011,1728,452
1753,32013,17088,3163
1754,32015,5887,1155
1755,32017,5203,1418
1756,32019,52303,14565
1757,32021,4471,1341
1758,32023,43296,15960
1759,32027,6661,1468
1760,32029,3891,1510
1761,32031,445551,95558
1762,32033,9858,2291
1763,32510,54219,14410
1764,33001,60383,17260
1765,33003,47524,16281
1766,33005,76109,19389
1767,33007,32119,9795
1768,33009,89280,23734
1769,33011,406371,84563
1770,33013,147958,34833
1771,33015,302479,69798
1772,33017,126552,25034
1773,33019,43073,11885
1774,34001,272926,62613
1775,34003,937920,211672
1776,34005,449192,98530
1777,34007,510996,104370
1778,34009,94549,31925
1779,34011,154952,30141
1780,34013,800401,146732
1781,34015,291372,60833
1782,34017,679756,109974
1783,34019,125717,30279
1784,34021,373362,75299
1785,34023,837288,164627
1786,34025,627551,142622
1787,34027,498847,110520
1788,34029,589699,167321
1789,34031,510563,98279
1790,34033,63776,15640
1791,34035,333316,67698
1792,34037,143570,32694
1793,34039,557320,106249
1794,34041,107088,24579
1795,35001,674855,140933
1796,35003,3547,1793
1797,35005,65454,13924
1798,35006,27049,5804
1799,35007,12522,4281
1800,35009,50283,8363
1801,35011,2016,480
1802,35013,213849,41981
1803,35015,56793,11808
1804,35017,28382,9026
1805,35019,4426,1149
1806,35021,546,259
1807,35023,4446,1233
1808,35025,69505,10775
1809,35027,19497,6880
1810,35028,18031,4309
1811,35029,24319,6445
1812,35031,72849,11923
1813,35033,4605,1391
1814,35035,65130,14360
1815,35037,8447,2671
1816,35039,39455,9932
1817,35041,19313,3425
1818,35043,138815,30925
1819,35045,128221,23922
1820,35047,28203,7333
1821,35049,147514,42681
1822,35051,11254,4961
1823,35053,17098,4106
1824,35055,32809,10333
1825,35057,15534,4251
1826,35059,4216,1032
1827,35061,75845,17086
1828,36001,308580,67673
1829,36003,47400,11338
1830,36005,1455846,243010
1831,36007,196124,47891
1832,36009,78175,19443
1833,36011,78319,19140
1834,36013,130846,33458
1835,36015,86883,21007
1836,36017,48763,12688
1837,36019,81224,17868
1838,36021,61481,18429
1839,36023,48334,10162
1840,36025,45950,14201
1841,36027,295685,66971
1842,36029,923995,216391
1843,36031,38233,11100
1844,36033,51054,11559
1845,36035,53955,13782
1846,36037,58537,13935
1847,36039,47791,13422
1848,36041,4646,1721
1849,36043,62943,16310
1850,36045,116567,19760
1851,36047,2635121,476741
1852,36049,26845,6305
1853,36051,64373,14878
1854,36053,71760,16941
1855,36055,748680,166403
1856,36057,49500,11948
1857,36059,1363069,318040
1858,36061,1653877,344283
1859,36063,212675,52917
1860,36065,232324,56184
1861,36067,467669,103054
1862,36069,109491,27978
1863,36071,378174,70347
1864,36073,41584,9631
1865,36075,119833,25826
1866,36077,60750,16165
1867,36079,99464,22683
1868,36081,2339280,470619
1869,36083,159800,35905
1870,36085,475948,101941
1871,36087,325027,66379
1872,36089,110817,24432
1873,36091,226632,52232
1874,36093,155239,34957
1875,36095,31611,8559
1876,36097,18112,4831
1877,36099,34843,8362
1878,36101,97539,24270
1879,36103,1497595,326104
1880,36105,75783,18426
1881,36107,49322,12444
1882,36109,104415,18998
1883,36111,180129,45203
1884,36113,64701,17940
1885,36115,62183,15438
1886,36117,91442,22194
1887,36119,975321,214443
1888,36121,40886,9523
1889,36123,25083,6750
1890,37001,157844,35388
1891,37003,37159,9162
1892,37005,10935,3618
1893,37007,25531,5848
1894,37009,26833,8552
1895,37011,17535,4821
1896,37013,47316,14046
1897,37015,19913,5537
1898,37017,34130,9534
1899,37019,122586,46285
1900,37021,252268,64710
1901,37023,88898,23258
1902,37025,196716,35521
1903,37027,81805,20816
1904,37029,10336,2164
1905,37031,68699,21116
1906,37033,22833,6116
1907,37035,156182,35455
1908,37037,68364,20511
1909,37039,27463,9952
1910,37041,14370,4452
1911,37043,10753,4115
1912,37045,97038,23687
1913,37047,56589,14110
1914,37049,103374,24450
1915,37051,332766,52166
1916,37053,25247,5686
1917,37055,35412,9885
1918,37057,164118,37797
1919,37059,41766,11078
1920,37061,59350,13785
1921,37063,300865,51648
1922,37065,54032,13212
1923,37067,368362,76042
1924,37069,63866,14275
1925,37071,214049,46215
1926,37073,11601,2897
1927,37075,8607,2550
1928,37077,58503,13167
1929,37079,21059,4490
1930,37081,517197,102558
1931,37083,52300,13866
1932,37085,128753,21027
1933,37087,59854,18819
1934,37089,112156,35451
1935,37091,24262,6311
1936,37093,52571,7093
1937,37095,5507,1276
1938,37097,169798,34692
1939,37099,41725,10654
1940,37101,186308,33619
1941,37103,9776,2653
1942,37105,59805,12481
1943,37107,57934,14708
1944,37109,80504,18644
1945,37111,45069,11491
1946,37113,34160,12106
1947,37115,21347,6084
1948,37117,23227,6835
1949,37119,1034290,156489
1950,37121,15155,4846
1951,37123,27445,7131
1952,37125,94191,28522
1953,37127,94125,22363
1954,37129,219866,48907
1955,37131,20426,6480
1956,37133,192685,22983
1957,37135,141812,25896
1958,37137,12803,4684
1959,37139,39546,8584
1960,37141,57630,13694
1961,37143,13506,4652
1962,37145,39240,9982
1963,37147,176484,30269
1964,37149,20434,7657
1965,37151,142827,32782
1966,37153,45447,10922
1967,37155,134187,26448
1968,37157,91566,24175
1969,37159,138940,31195
1970,37161,66523,18012
1971,37163,63664,14291
1972,37165,35445,8246
1973,37167,60875,14861
1974,37169,46124,12165
1975,37171,72315,18749
1976,37173,14208,3584
1977,37175,33291,12332
1978,37177,4090,1372
1979,37179,222095,36152
1980,37181,44420,10563
1981,37183,1023811,157546
1982,37185,20190,6367
1983,37187,12331,3689
1984,37189,53421,11059
1985,37191,124496,26321
1986,37193,68525,18236
1987,37195,81379,19331
1988,37197,37825,9707
1989,37199,17605,5605
1990,38001,2368,743
1991,38003,10971,3118
1992,38005,6875,1327
1993,38007,983,250
1994,38009,6651,2058
1995,38011,3226,933
1996,38013,2253,513
1997,38015,92372,18957
1998,38017,170620,27710
1999,38019,3817,1265
2000,38021,5041,1425
2001,38023,2378,830
2002,38025,4349,1079
2003,38027,2321,667
2004,38029,3389,1194
2005,38031,3318,956
2006,38033,1892,514
2007,38035,70130,11680
2008,38037,2387,877
2009,38039,2276,851
2010,38041,2601,875
2011,38043,2457,675
2012,38045,4106,1302
2013,38047,1932,723
2014,38049,5951,1606
2015,38051,2680,1056
2016,38053,11679,1663
2017,38055,9607,2983
2018,38057,8637,2209
2019,38059,30059,6275
2020,38061,9986,1616
2021,38063,2971,1067
2022,38065,1822,608
2023,38067,7050,2133
2024,38069,4272,1309
2025,38071,11574,2909
2026,38073,5411,1514
2027,38075,2543,613
2028,38077,16333,3866
2029,38079,14657,2206
2030,38081,3883,1148
2031,38083,1403,498
2032,38085,4420,542
2033,38087,674,232
2034,38089,30316,5319
2035,38091,1915,604
2036,38093,21058,5310
2037,38095,2258,735
2038,38097,8050,2056
2039,38099,10920,2923
2040,38101,69628,11458
2041,38103,4089,1423
2042,38105,32916,4852
2043,39001,27926,6379
2044,39003,104157,24080
2045,39005,53299,12790
2046,39007,98622,25127
2047,39009,65563,11147
2048,39011,45778,10738
2049,39013,68889,18587
2050,39015,43799,10056
2051,39017,375702,73222
2052,39019,27825,7474
2053,39021,39005,9346
2054,39023,135520,33970
2055,39025,202166,43133
2056,39027,41869,9347
2057,39029,104584,27542
2058,39031,36602,9240
2059,39033,42231,11322
2060,39035,1257401,297844
2061,39037,51919,13217
2062,39039,38311,9084
2063,39041,193024,34052
2064,39043,75369,20550
2065,39045,151526,31843
2066,39047,28659,6536
2067,39049,1253507,205767
2068,39051,42296,9768
2069,39053,30203,7248
2070,39055,93895,23672
2071,39057,164825,36821
2072,39059,39414,10004
2073,39061,808703,169087
2074,39063,75508,16816
2075,39065,31576,6608
2076,39067,15397,4297
2077,39069,27463,6575
2078,39071,43031,10469
2079,39073,28547,7036
2080,39075,43808,7689
2081,39077,58497,13292
2082,39079,32624,7195
2083,39081,67349,18775
2084,39083,60945,14197
2085,39085,229701,58488
2086,39087,61057,14970
2087,39089,170678,36737
2088,39091,45323,11070
2089,39093,305405,71677
2090,39095,433404,92861
2091,39097,43732,8744
2092,39099,231857,62316
2093,39101,65483,15039
2094,39103,176362,40244
2095,39105,23234,5978
2096,39107,40723,9546
2097,39109,104081,25472
2098,39111,14239,4128
2099,39113,531987,124285
2100,39115,14773,4162
2101,39117,34935,8133
2102,39119,85933,20112
2103,39121,14498,4882
2104,39123,40769,12744
2105,39125,18951,4622
2106,39127,35983,8197
2107,39129,57075,11657
2108,39131,28291,6786
2109,39133,162080,34412
2110,39135,41328,9917
2111,39137,34037,7762
2112,39139,121533,30674
2113,39141,77125,16764
2114,39143,59559,14131
2115,39145,76871,17977
2116,39147,55549,13111
2117,39149,48902,10525
2118,39151,374273,94437
2119,39153,541318,126698
2120,39155,203341,55450
2121,39157,92531,23202
2122,39159,54688,8714
2123,39161,28262,6946
2124,39163,13142,2934
2125,39165,223868,42520
2126,39167,60871,16090
2127,39169,115915,26488
2128,39171,37061,9106
2129,39173,129504,25640
2130,39175,22190,5467
2131,40001,22136,4650
2132,40003,5877,1503
2133,40005,13899,3468
2134,40007,5445,1333
2135,40009,22971,4406
2136,40011,9680,2357
2137,40013,45068,10589
2138,40015,29437,6475
2139,40017,132922,23558
2140,40019,48407,10584
2141,40021,48404,10095
2142,40023,14979,3990
2143,40025,2221,693
2144,40027,274024,47856
2145,40029,5666,1536
2146,40031,123066,20343
2147,40033,6000,1584
2148,40035,14563,3706
2149,40037,70899,16589
2150,40039,29169,5338
2151,40041,41878,13064
2152,40043,4904,1226
2153,40045,4102,1162
2154,40047,62421,13092
2155,40049,27751,6609
2156,40051,54351,11298
2157,40053,4458,1263
2158,40055,6018,1349
2159,40057,2758,720
2160,40059,3843,963
2161,40061,12746,3332
2162,40063,13519,3354
2163,40065,25574,4799
2164,40067,6270,1681
2165,40069,11039,2703
2166,40071,45173,11238
2167,40073,15510,3176
2168,40075,9127,2493
2169,40077,10621,2798
2170,40079,49860,11673
2171,40081,34759,8429
2172,40083,45326,9257
2173,40085,9843,2454
2174,40087,37919,7891
2175,40089,33026,7755
2176,40091,19874,6489
2177,40093,7730,2064
2178,40095,16226,4545
2179,40097,40929,10002
2180,40099,13797,3407
2181,40101,69471,15273
2182,40103,11421,2862
2183,40105,10448,2710
2184,40107,12160,2764
2185,40109,774203,140665
2186,40111,39121,9272
2187,40113,47350,11772
2188,40115,31725,7607
2189,40117,16448,4188
2190,40119,80634,13033
2191,40121,44673,11478
2192,40123,38289,8264
2193,40125,71614,15322
2194,40127,11132,3171
2195,40129,3734,894
2196,40131,90098,19479
2197,40133,25246,5943
2198,40135,41364,9667
2199,40137,44293,10951
2200,40139,21409,3404
2201,40141,7591,1985
2202,40143,637123,120771
2203,40145,76830,16229
2204,40147,51867,12914
2205,40149,11550,2659
2206,40151,9132,2000
2207,40153,21140,4043
2208,41001,15980,5273
2209,41003,88249,18413
2210,41005,399962,94656
2211,41007,38021,10800
2212,41009,50207,13196
2213,41011,62921,21217
2214,41013,21717,7028
2215,41015,22377,9463
2216,41017,175321,45371
2217,41019,107576,35360
2218,41021,1910,674
2219,41023,7209,2694
2220,41025,7195,2275
2221,41027,22938,4867
2222,41029,212070,60113
2223,41031,22707,5825
2224,41033,84514,28339
2225,41035,66018,18095
2226,41037,7807,2505
2227,41039,363471,90330
2228,41041,47307,17261
2229,41043,121074,29548
2230,41045,30421,6727
2231,41047,330453,68700
2232,41049,11153,2515
2233,41051,788459,143926
2234,41053,79666,18539
2235,41055,1635,536
2236,41057,25840,8856
2237,41059,76736,15752
2238,41061,25810,6683
2239,41063,6864,2625
2240,41065,25687,6940
2241,41067,572071,100693
2242,41069,1415,629
2243,41071,102366,22508
2244,42001,101589,26312
2245,42003,1229605,303430
2246,42005,66737,18721
2247,42007,168161,45796
2248,42009,48891,14259
2249,42011,415500,93051
2250,42013,124736,33231
2251,42015,61546,16679
2252,42017,626486,151809
2253,42019,185984,44846
2254,42021,135871,39200
2255,42023,4754,1626
2256,42025,63987,17239
2257,42027,160646,29386
2258,42029,514652,109411
2259,42031,38747,9831
2260,42033,80539,21111
2261,42035,39321,9199
2262,42037,66615,16359
2263,42039,86847,22995
2264,42041,245801,58099
2265,42043,273329,61034
2266,42045,563384,123831
2267,42047,30781,8608
2268,42049,277794,63334
2269,42051,133160,36302
2270,42053,7388,1971
2271,42055,153003,38030
2272,42057,14631,3928
2273,42059,37338,9105
2274,42061,45686,11826
2275,42063,86551,21114
2276,42065,44258,11961
2277,42067,24448,6272
2278,42069,211960,54892
2279,42071,536494,122633
2280,42073,88231,25000
2281,42075,137616,34280
2282,42077,360774,80015
2283,42079,318222,82489
2284,42081,115398,28691
2285,42083,42070,10418
2286,42085,113623,31083
2287,42087,46452,12596
2288,42089,167306,37614
2289,42091,818677,190034
2290,42093,18302,5047
2291,42095,300941,74273
2292,42097,93038,24903
2293,42099,45878,11279
2294,42101,1569657,287348
2295,42103,55687,15643
2296,42105,17070,5099
2297,42107,144287,38502
2298,42109,40570,9628
2299,42111,75619,21498
2300,42113,6192,2237
2301,42115,41716,11975
2302,42117,41550,11363
2303,42119,45056,10058
2304,42121,52880,15253
2305,42123,40345,11948
2306,42125,207661,55472
2307,42127,51656,15447
2308,42129,356835,103773
2309,42131,27760,7271
2310,42133,442216,99386
2311,44001,49028,12397
2312,44003,164012,40477
2313,44005,83204,22925
2314,44007,633704,128527
2315,44009,126190,33367
2316,45001,24788,7042
2317,45003,165707,41209
2318,45005,9402,2374
2319,45007,194174,45832
2320,45009,14842,3897
2321,45011,21788,4999
2322,45013,179316,56939
2323,45015,204632,37127
2324,45017,14808,4258
2325,45019,387847,82073
2326,45021,56549,12263
2327,45023,32424,7881
2328,45025,46127,10606
2329,45027,34156,10223
2330,45029,37581,9996
2331,45031,67572,16204
2332,45033,31073,6605
2333,45035,151716,28002
2334,45037,26620,6610
2335,45039,22868,6384
2336,45041,138537,30487
2337,45043,61065,20484
2338,45045,490332,100264
2339,45047,69981,16269
2340,45049,20066,4776
2341,45051,310186,90290
2342,45053,27465,6289
2343,45055,63734,15574
2344,45057,86544,22468
2345,45059,66508,16065
2346,45061,17897,4150
2347,45063,281870,59280
2348,45065,9694,3905
2349,45067,31765,8483
2350,45069,27505,6373
2351,45071,37914,9371
2352,45073,75926,22702
2353,45075,89116,22393
2354,45077,121449,25531
2355,45079,404869,68651
2356,45081,20228,4901
2357,45083,297732,63159
2358,45085,107379,22798
2359,45087,27772,7465
2360,45089,32256,8243
2361,45091,251664,48997
2362,46003,2739,732
2363,46005,18163,4501
2364,46007,3440,601
2365,46009,6972,1925
2366,46011,33697,5479
2367,46013,38637,8651
2368,46015,5280,1351
2369,46017,2048,240
2370,46019,10194,2751
2371,46021,1443,487
2372,46023,9319,2183
2373,46025,3642,1071
2374,46027,13907,2187
2375,46029,27963,6325
2376,46031,4177,665
2377,46033,8519,3144
2378,46035,19753,4889
2379,46037,5524,1761
2380,46039,4282,1232
2381,46041,5709,776
2382,46043,2940,884
2383,46045,3971,1113
2384,46047,6783,2370
2385,46049,2327,716
2386,46051,7133,2044
2387,46053,4209,1353
2388,46055,2084,605
2389,46057,5911,1301
2390,46059,3303,1048
2391,46061,3404,758
2392,46063,1281,338
2393,46065,17572,4017
2394,46067,7277,2187
2395,46069,1373,424
2396,46071,3275,660
2397,46073,2034,670
2398,46075,740,252
2399,46077,5000,1532
2400,46079,12350,3478
2401,46081,25018,6595
2402,46083,53147,8390
2403,46085,3882,850
2404,46087,5515,1423
2405,46089,2366,820
2406,46091,4759,1287
2407,46093,27066,5515
2408,46095,2062,457
2409,46097,2255,606
2410,46099,183660,32585
2411,46101,6496,1527
2412,46102,14291,1355
2413,46103,108126,24271
2414,46105,2964,874
2415,46107,2318,860
2416,46109,10250,2568
2417,46111,2366,686
2418,46115,6478,1753
2419,46117,2994,852
2420,46119,1390,375
2421,46121,10016,1102
2422,46123,5480,1628
2423,46125,8242,2273
2424,46127,14929,3448
2425,46129,5502,1683
2426,46135,22660,5565
2427,46137,2837,347
2428,47001,75538,19563
2429,47003,46854,9596
2430,47005,16154,4936
2431,47007,14413,3372
2432,47009,127135,32770
2433,47011,103666,22968
2434,47013,39824,10474
2435,47015,13839,3426
2436,47017,28137,7284
2437,47019,56500,15434
2438,47021,39713,7818
2439,47023,17097,3805
2440,47025,31566,8189
2441,47027,7684,2417
2442,47029,35262,9766
2443,47031,54074,12449
2444,47033,14554,3458
2445,47035,58178,21229
2446,47037,678322,113356
2447,47039,11681,3532
2448,47041,19380,4748
2449,47043,51341,10824
2450,47045,37751,8344
2451,47047,39336,10782
2452,47049,17940,5028
2453,47051,41397,10550
2454,47053,49222,11692
2455,47055,29024,7499
2456,47057,22942,6025
2457,47059,68520,18918
2458,47061,13359,3484
2459,47063,63465,14917
2460,47065,354589,81748
2461,47067,6605,1714
2462,47069,25784,6150
2463,47071,25813,7483
2464,47073,56402,14964
2465,47075,17944,4298
2466,47077,27889,6460
2467,47079,32263,9544
2468,47081,24502,5677
2469,47083,8188,2113
2470,47085,18281,4794
2471,47087,11573,3398
2472,47089,52887,13602
2473,47091,17846,5169
2474,47093,452286,93686
2475,47095,7588,1586
2476,47097,26497,5499
2477,47099,42591,9973
2478,47101,11944,3517
2479,47103,33543,8761
2480,47105,51024,16724
2481,47107,52569,13164
2482,47109,25945,6985
2483,47111,23239,5106
2484,47113,97887,21289
2485,47115,28355,7204
2486,47117,31753,7297
2487,47119,87606,18777
2488,47121,11830,3343
2489,47123,45698,12263
2490,47125,192120,25156
2491,47127,6302,1856
2492,47129,21639,5004
2493,47131,30659,7883
2494,47133,21995,5857
2495,47135,7882,2130
2496,47137,5071,1699
2497,47139,16722,4308
2498,47141,75565,16721
2499,47143,32478,7787
2500,47145,52926,15778
2501,47147,68575,13369
2502,47149,298456,42641
2503,47151,21949,4657
2504,47153,14654,3703
2505,47155,95523,23741
2506,47157,937847,169553
2507,47159,19279,4324
2508,47161,13248,3586
2509,47163,156519,44012
2510,47165,175730,36997
2511,47167,61434,11660
2512,47169,8773,1811
2513,47171,17830,5164
2514,47173,19176,4587
2515,47175,5675,1717
2516,47177,40210,9356
2517,47179,126437,29936
2518,47181,16713,4139
2519,47183,33776,8009
2520,47185,26394,7108
2521,47187,212161,37356
2522,47189,128874,27113
2523,48001,57747,11434
2524,48003,17577,2585
2525,48005,87700,18271
2526,48007,24832,8314
2527,48009,8793,2350
2528,48011,1929,516
2529,48013,48139,9558
2530,48015,29292,7305
2531,48017,7098,1519
2532,48019,21316,7519
2533,48021,80306,16787
2534,48023,3602,1088
2535,48025,32729,5168
2536,48027,336506,47766
2537,48029,1892004,307269
2538,48031,11089,3806
2539,48033,602,171
2540,48035,17955,5546
2541,48037,93635,20099
2542,48039,345995,57101
2543,48041,214231,26525
2544,48043,9220,2537
2545,48045,1591,477
2546,48047,7251,1388
2547,48049,37787,9428
2548,48051,17596,4934
2549,48053,45017,12977
2550,48055,40544,7589
2551,48057,21821,4869
2552,48059,13660,3649
2553,48061,420201,71392
2554,48063,12670,3038
2555,48065,6033,1413
2556,48067,30118,8380
2557,48069,7891,1688
2558,48071,39283,6340
2559,48073,51594,11992
2560,48075,7064,1464
2561,48077,10369,3112
2562,48079,2932,583
2563,48081,3238,1085
2564,48083,8422,2576
2565,48085,914075,135322
2566,48087,3026,771
2567,48089,20913,6209
2568,48091,129100,32206
2569,48093,13492,4297
2570,48095,3858,883
2571,48097,39064,9693
2572,48099,75818,9667
2573,48101,1498,465
2574,48103,4836,798
2575,48105,3836,907
2576,48107,5895,1379
2577,48109,2257,586
2578,48111,7207,1139
2579,48113,2552213,377154
2580,48115,13095,2510
2581,48117,18947,3234
2582,48119,5172,1497
2583,48121,781321,106598
2584,48123,20474,5292
2585,48125,2224,661
2586,48127,10822,2302
2587,48129,3433,1073
2588,48131,11434,2513
2589,48133,18278,5417
2590,48135,155744,21622
2591,48137,2111,758
2592,48139,164092,29137
2593,48141,834825,133011
2594,48143,41016,7785
2595,48145,17289,4004
2596,48147,33787,8521
2597,48149,24963,7816
2598,48151,3875,1176
2599,48153,5953,1439
2600,48155,1414,454
2601,48157,711421,107897
2602,48159,10639,2950
2603,48161,19646,5012
2604,48163,19110,3334
2605,48165,19889,2513
2606,48167,321184,62311
2607,48169,6739,1035
2608,48171,25939,9675
2609,48173,1420,324
2610,48175,7510,2153
2611,48177,20558,4490
2612,48179,22962,4745
2613,48181,126146,29807
2614,48183,123402,24309
2615,48185,27358,6472
2616,48187,150889,27355
2617,48189,34527,6124
2618,48191,3102,955
2619,48193,8220,2691
2620,48195,5532,1099
2621,48197,3990,1077
2622,48199,55993,12351
2623,48201,4525519,651673
2624,48203,66606,14535
2625,48205,5821,1074
2626,48207,5806,1740
2627,48209,194843,29297
2628,48211,4152,734
2629,48213,79687,22345
2630,48215,839539,119536
2631,48217,35098,9352
2632,48219,23273,4565
2633,48221,55418,17518
2634,48223,35929,8258
2635,48225,22849,6319
2636,48227,36491,6475
2637,48229,3702,822
2638,48231,90322,19359
2639,48233,21704,4709
2640,48235,1592,422
2641,48237,8839,1896
2642,48239,14756,3317
2643,48241,35444,8797
2644,48243,2236,965
2645,48245,254574,49559
2646,48247,5262,1372
2647,48249,41318,8333
2648,48251,160173,30241
2649,48253,19969,3893
2650,48255,15051,2900
2651,48257,114852,19451
2652,48259,40306,10163
2653,48261,564,89
2654,48263,680,229
2655,48265,50761,17362
2656,48267,4432,1738
2657,48269,289,32
2658,48271,3631,854
2659,48273,31540,5398
2660,48275,3753,948
2661,48277,49401,12011
2662,48279,13368,2865
2663,48281,20473,5172
2664,48283,7418,1516
2665,48285,19859,6001
2666,48287,16850,4236
2667,48289,16966,5181
2668,48291,79884,14641
2669,48293,23480,5738
2670,48295,3495,732
2671,48297,12043,3164
2672,48299,20195,9184
2673,48301,74,29
2674,48303,298042,49312
2675,48305,5785,1293
2676,48307,8145,2448
2677,48309,245720,46694
2678,48311,600,185
2679,48313,13979,2846
2680,48315,10140,3384
2681,48317,5547,899
2682,48319,4122,1351
2683,48321,36744,8504
2684,48323,57471,8834
2685,48325,48548,10696
2686,48327,2123,708
2687,48329,159883,24676
2688,48331,24479,6636
2689,48333,4887,1716
2690,48335,8774,1647
2691,48337,19406,5647
2692,48339,535187,96577
2693,48341,22016,3264
2694,48343,12530,3505
2695,48345,1114,354
2696,48347,65411,11946
2697,48349,48239,10925
2698,48351,14187,3871
2699,48353,14990,3544
2700,48355,358484,68411
2701,48357,10484,1503
2702,48359,2083,388
2703,48361,83909,17601
2704,48363,28109,7221
2705,48365,23574,5727
2706,48367,125963,26729
2707,48369,9871,1826
2708,48371,15804,2754
2709,48373,46974,12746
2710,48375,121230,19850
2711,48377,7191,1986
2712,48379,11246,3375
2713,48381,130552,25788
2714,48383,3735,608
2715,48385,3358,1378
2716,48387,12353,3684
2717,48389,14791,2482
2718,48391,7293,1985
2719,48393,889,255
2720,48395,16727,4255
2721,48397,90414,14954
2722,48399,10266,2816
2723,48401,53026,11467
2724,48403,10429,3930
2725,48405,8403,2707
2726,48407,27436,7726
2727,48409,66867,12717
2728,48411,5851,1673
2729,48413,3122,711
2730,48415,17346,3440
2731,48417,3348,781
2732,48419,25689,5778
2733,48421,3067,630
2734,48423,222277,47438
2735,48425,8650,2134
2736,48427,63420,9636
2737,48429,9365,2425
2738,48431,1139,217
2739,48433,1084,369
2740,48435,3894,904
2741,48437,7541,1817
2742,48439,1983675,306980
2743,48441,135371,25874
2744,48443,721,282
2745,48445,12755,2635
2746,48447,1541,518
2747,48449,32664,6098
2748,48451,116906,23527
2749,48453,1176584,160972
2750,48455,14481,5058
2751,48457,21456,5960
2752,48459,40506,9637
2753,48461,3575,636
2754,48463,27015,6046
2755,48465,48976,9283
2756,48467,53607,14526
2757,48469,91518,19189
2758,48471,70818,11996
2759,48473,48443,7862
2760,48475,11498,2149
2761,48477,34667,9303
2762,48479,269624,34315
2763,48481,41430,9080
2764,48483,5599,1286
2765,48485,131778,25521
2766,48487,12972,2900
2767,48489,21839,3957
2768,48491,508313,81426
2769,48493,47205,10123
2770,48495,7777,1204
2771,48497,63247,13012
2772,48499,43315,14771
2773,48501,8481,1306
2774,48503,18166,4758
2775,48505,14415,2414
2776,48507,12152,2252
2777,49001,6414,1215
2778,49003,52182,9213
2779,49005,120288,15104
2780,49007,20512,4558
2781,49009,702,156
2782,49011,334977,45623
2783,49013,20259,3119
2784,49015,10410,2278
2785,49017,5020,1314
2786,49019,9544,2258
2787,49021,48504,7853
2788,49023,10694,1708
2789,49025,7246,2156
2790,49027,12651,2764
2791,49029,11014,1842
2792,49031,1860,657
2793,49033,2307,491
2794,49035,1106700,164497
2795,49037,15193,2833
2796,49039,28892,5043
2797,49041,20961,4522
2798,49043,39731,6731
2799,49045,63357,8290
2800,49047,36343,4899
2801,49049,576496,59457
2802,49051,29306,4220
2803,49053,155577,40002
2804,49055,2700,712
2805,49057,244101,38967
2806,50001,36825,9459
2807,50003,36054,10413
2808,50005,30576,8308
2809,50007,160985,31691
2810,50009,6203,2017
2811,50011,48816,10296
2812,50013,6950,1982
2813,50015,25191,5651
2814,50017,28901,7904
2815,50019,26951,7930
2816,50021,59676,16414
2817,50023,58691,15091
2818,50025,43332,12533
2819,50027,55485,16500
2820,51001,32840,9713
2821,51003,105105,24260
2822,51005,15489,4783
2823,51007,12802,3301
2824,51009,31819,8552
2825,51011,15462,4077
2826,51013,229534,32701
2827,51015,74390,19681
2828,51017,4458,1200
2829,51019,77319,21440
2830,51021,6524,1834
2831,51023,33149,9316
2832,51025,16435,4495
2833,51027,22611,6055
2834,51029,17048,4020
2835,51031,55158,13887
2836,51033,29889,6464
2837,51035,29767,8816
2838,51036,7022,2156
2839,51037,12176,3671
2840,51041,335594,65652
2841,51043,14331,3666
2842,51045,5131,1476
2843,51047,49795,10197
2844,51049,9797,2590
2845,51051,15181,4171
2846,51053,28033,6361
2847,51057,11083,3102
2848,51059,1142004,205097
2849,51061,68406,15267
2850,51063,15594,4593
2851,51065,26109,6641
2852,51067,56277,16636
2853,51069,83784,17641
2854,51071,16867,4744
2855,51073,37035,9239
2856,51075,22148,6309
2857,51077,15708,4703
2858,51079,19213,4356
2859,51081,11606,2403
2860,51083,35030,10489
2861,51085,103218,23448
2862,51087,324073,65204
2863,51089,51956,15335
2864,51091,2213,1144
2865,51093,36090,9254
2866,51095,73028,22611
2867,51097,7052,2107
2868,51099,25564,4530
2869,51101,16329,3605
2870,51103,10848,4693
2871,51105,24428,6175
2872,51107,374558,46809
2873,51109,34813,9238
2874,51111,12369,3504
2875,51113,13108,3779
2876,51115,8830,3293
2877,51117,30959,9967
2878,51119,10710,4271
2879,51121,97692,16371
2880,51125,14863,5121
2881,51127,20523,4832
2882,51131,11998,4032
2883,51133,12254,5416
2884,51135,15537,3814
2885,51137,35265,9382
2886,51139,23694,6578
2887,51141,17958,5697
2888,51143,61970,17512
2889,51145,28364,6652
2890,51147,22903,5017
2891,51149,37704,6858
2892,51153,450763,60739
2893,51155,34330,9988
2894,51157,7359,2467
2895,51159,8873,2400
2896,51161,93419,25341
2897,51163,22440,7345
2898,51165,78653,18979
2899,51167,27725,7582
2900,51169,22290,6831
2901,51171,42854,11604
2902,51173,31298,8800
2903,51175,18089,4637
2904,51177,130159,23288
2905,51179,141159,19771
2906,51181,6670,1840
2907,51183,11595,2584
2908,51185,42689,11682
2909,51187,38991,8490
2910,51191,54457,15381
2911,51193,17596,5792
2912,51195,39539,9345
2913,51197,29048,8014
2914,51199,67196,14070
2915,51510,154710,23816
2916,51520,17077,4481
2917,51530,6495,1486
2918,51540,46487,6753
2919,51550,235410,41793
2920,51570,17582,4585
2921,51580,5675,1681
2922,51590,41911,11358
2923,51595,5495,1252
2924,51600,23580,4687
2925,51610,13843,2660
2926,51620,8334,2300
2927,51630,28135,4113
2928,51640,6788,2026
2929,51650,136255,27165
2930,51660,53064,6611
2931,51670,22353,4703
2932,51678,7113,1303
2933,51680,79237,14774
2934,51683,41379,5755
2935,51685,16117,1822
2936,51690,13256,3469
2937,51700,180775,31311
2938,51710,245752,36773
2939,51720,4043,1034
2940,51730,32037,7475
2941,51735,12022,2958
2942,51740,95536,19091
2943,51750,17380,2037
2944,51760,220892,39776
2945,51770,99572,22026
2946,51775,25521,6421
2947,51790,24273,6341
2948,51800,88057,17315
2949,51810,450057,81616
2950,51820,21620,5038
2951,51830,14817,2733
2952,51840,27516,5865
2953,53001,19261,2912
2954,53003,22259,6373
2955,53005,190529,37874
2956,53007,75138,18408
2957,53009,73439,26654
2958,53011,457474,92850
2959,53013,3999,1371
2960,53015,103590,26255
2961,53017,40585,9148
2962,53019,7568,2554
2963,53021,89124,11049
2964,53023,2226,729
2965,53025,93420,17194
2966,53027,71454,19476
2967,53029,80323,24585
2968,53031,30524,13626
2969,53033,2118119,386511
2970,53035,258903,59433
2971,53037,43726,9312
2972,53039,21172,6449
2973,53041,76012,20549
2974,53043,10344,3325
2975,53045,61569,18441
2976,53047,41377,11602
2977,53049,20940,8028
2978,53051,13066,4439
2979,53053,845193,157501
2980,53055,16221,6649
2981,53057,121725,31915
2982,53059,11498,3238
2983,53061,771904,143234
2984,53063,490764,105082
2985,53065,43858,13171
2986,53067,269885,60028
2987,53069,4105,1698
2988,53071,59862,13443
2989,53073,212738,47353
2990,53075,47794,6710
2991,53077,248279,44560
2992,54001,16790,4433
2993,54003,111610,21894
2994,54005,23236,5945
2995,54007,14345,4105
2996,54009,23067,6816
2997,54011,96100,22787
2998,54013,7450,2279
2999,54015,8901,2226
3000,54017,8570,2461
3001,54019,44602,12150
3002,54021,8305,1817
3003,54023,11673,3470
3004,54025,35523,10528
3005,54027,23412,6811
3006,54029,29921,8634
3007,54031,13812,3692
3008,54033,68438,17201
3009,54035,29123,7844
3010,54037,55673,11916
3011,54039,187827,49628
3012,54041,16371,4386
3013,54043,21241,5184
3014,54045,34428,8559
3015,54047,19707,5272
3016,54049,56575,14663
3017,54051,32006,9258
3018,54053,27000,7153
3019,54055,60963,16998
3020,54057,27421,7414
3021,54059,25150,6170
3022,54061,103715,16742
3023,54063,13517,4299
3024,54065,17510,5135
3025,54067,25496,7413
3026,54069,42906,12039
3027,54071,7138,2313
3028,54073,7527,1842
3029,54075,8574,2770
3030,54077,33760,8739
3031,54079,56644,13622
3032,54081,77097,20258
3033,54083,29152,7914
3034,54085,10005,2814
3035,54087,14348,4117
3036,54089,13210,4109
3037,54091,16977,4555
3038,54093,7035,2245
3039,54095,8949,2551
3040,54097,24604,6359
3041,54099,41063,10695
3042,54101,8637,2560
3043,54103,15793,4523
3044,54105,5800,1441
3045,54107,86016,22379
3046,54109,22130,6172
3047,55001,20111,7417
3048,55003,15779,4029
3049,55005,45358,12648
3050,55007,15004,5390
3051,55009,258004,49706
3052,55011,13243,3806
3053,55013,15239,5563
3054,55015,49737,9760
3055,55017,63445,14882
3056,55019,34513,7761
3057,55021,56790,13488
3058,55023,16313,4623
3059,55025,522837,93985
3060,55027,87833,20377
3061,55029,27443,10267
3062,55031,43503,10444
3063,55033,44260,9015
3064,55035,102388,20349
3065,55037,4354,1446
3066,55039,102082,24000
3067,55041,9035,2759
3068,55043,51742,11571
3069,55045,36869,8908
3070,55047,18745,5437
3071,55049,23576,5649
3072,55051,5748,2170
3073,55053,20531,5137
3074,55055,84586,18308
3075,55057,26427,7133
3076,55059,167886,31603
3077,55061,20378,5256
3078,55063,117582,24464
3079,55065,16755,4075
3080,55067,19190,5568
3081,55069,27994,7702
3082,55071,79680,20684
3083,55073,135293,30856
3084,55075,40712,12297
3085,55077,15164,4784
3086,55078,4506,816
3087,55079,956586,173173
3088,55081,45303,10280
3089,55083,37465,10126
3090,55085,35352,11792
3091,55087,183288,35410
3092,55089,87817,21950
3093,55091,7282,2115
3094,55093,41226,8070
3095,55095,43328,11630
3096,55097,70371,15091
3097,55099,13566,4514
3098,55101,195101,42061
3099,55103,17626,5148
3100,55105,161226,34912
3101,55107,14211,4413
3102,55109,87142,16229
3103,55111,63340,15064
3104,55113,16384,5431
3105,55115,41136,11054
3106,55117,115094,27003
3107,55119,20344,5080
3108,55121,29510,6978
3109,55123,30378,7781
3110,55125,21465,8398
3111,55127,102917,22640
3112,55129,15638,5285
3113,55131,133967,30378
3114,55133,396731,95193
3115,55135,51651,13904
3116,55137,24170,7579
3117,55139,169540,35586
3118,55141,73427,18838
3119,56001,37944,5887
3120,56003,11920,3267
3121,56005,48116,6482
3122,56007,15689,3421
3123,56009,14166,2972
3124,56011,7347,1964
3125,56013,40354,9748
3126,56015,13479,3710
3127,56017,4741,1646
3128,56019,8562,2495
3129,56021,97031,20072
3130,56023,18791,4254
3131,56025,81023,16036
3132,56027,2479,625
3133,56029,29276,8475
3134,56031,8703,2755
3135,56033,29964,8337
3136,56035,10037,2292
3137,56037,44527,7015
3138,56039,22923,4298
3139,56041,20758,3554
3140,56043,8253,2206
3141,56045,7117,2073
