1001,55036.0
1003,203360.0
1005,26201.0
1007,22580.0
1009,57667.0
1011,10478.0
1013,20126.0
1015,115527.0
1017,33895.0
1019,25855.0
1021,43805.0
1023,13188.0
1025,24625.0
1027,13407.0
1029,14939.0
1031,51073.0
1033,54435.0
1035,12649.0
1037,10955.0
1039,37519.0
1041,13866.0
1043,81703.0
1045,49393.0
1047,40755.0
1049,71194.0
1051,80989.0
1053,37621.0
1055,103132.0
1057,16657.0
1059,31507.0
1061,26572.0
1063,8533.0
1065,14995.0
1067,17110.0
1069,104108.0
1071,52326.0
1073,659460.0
1075,14021.0
1077,92590.0
1079,33288.0
1081,156597.0
1083,91695.0
1085,10362.0
1087,19358.0
1089,353213.0
1091,19743.0
1093,30058.0
1095,94738.0
1097,414328.0
1099,21745.0
1101,227120.0
1103,119157.0
1105,9680.0
1107,20170.0
1109,33287.0
1111,22530.0
1113,58480.0
1115,86937.0
1117,208721.0
1119,13084.0
1121,80888.0
1123,40756.0
1125,204424.0
1127,64927.0
1129,16746.0
1131,10919.0
1133,23968.0
2013,3338.0
2016,5784.0
2020,298225.0
2050,17957.0
2060,917.0
2068,2303.0
2070,4974.0
2090,100031.0
2100,2537.0
2105,2146.0
2110,32434.0
2122,57961.0
2130,13745.0
2150,13773.0
2164,1301.0
2170,101135.0
2180,9869.0
2185,9757.0
2188,7715.0
2195,3275.0
2198,6473.0
2220,8810.0
2230,1038.0
2240,6889.0
2261,9439.0
2270,6832.572
2275,2475.0
2282,682.0
2290,5453.0
4001,71602.0
4003,126516.0
4005,138639.0
4007,53145.0
4009,37700.0
4011,9368.0
4012,20477.0
4013,4155501.0
4015,204691.0
4017,107902.0
4019,1007257.0
4021,405537.0
4023,46358.0
4025,220972.0
4027,204281.0
5001,18352.0
5003,20771.0
5005,41093.0
5007,251823.0
5009,37212.0
5011,10994.0
5013,5194.0
5015,27782.0
5017,11008.0
5019,22495.0
5021,15190.0
5023,25361.0
5025,8332.0
5027,23992.0
5029,20954.0
5031,104246.0
5033,62119.0
5035,49278.0
5037,17164.0
5039,7585.0
5041,12094.0
5043,18620.0
5045,121282.0
5047,17803.0
5049,12092.0
5051,97994.0
5053,18076.0
5055,44197.0
5057,22154.0
5059,33480.0
5061,13472.0
5063,37097.0
5065,13521.0
5067,17429.0
5069,71373.0
5071,26155.0
5073,7051.0
5075,16777.0
5077,9614.0
5079,13885.0
5081,12494.0
5083,21802.0
5085,71568.0
5087,15907.0
5089,16374.0
5091,43760.0
5093,43534.0
5095,7420.0
5097,9059.0
5099,8528.0
5101,7898.0
5103,24378.0
5105,10320.0
5107,19518.0
5109,10893.0
5111,24098.0
5113,20212.0
5115,63372.0
5117,8309.0
5119,392848.0
5121,17514.0
5123,26688.0
5125,116252.0
5127,10584.0
5129,7925.0
5131,127362.0
5133,17206.0
5135,17041.0
5137,12443.0
5139,40022.0
5141,16751.0
5143,223683.0
5145,78706.0
5147,6763.0
5149,21601.0
6001,1629615.0
6003,1203.0
6005,37306.0
6007,225207.0
6009,45057.0
6011,21479.0
6013,1123678.0
6015,27442.0
6017,185015.0
6019,971616.0
6021,27935.0
6023,135490.0
6025,179957.0
6027,18195.0
6029,878744.0
6031,150183.0
6033,64095.0
6035,31470.0
6037,10105722.0
6039,154440.0
6041,260814.0
6043,17658.0
6045,87497.0
6047,267390.0
6049,9017.0
6051,14058.0
6053,433168.0
6055,141005.0
6057,98838.0
6059,3155816.0
6061,374985.0
6063,18724.0
6065,2355002.0
6067,1495400.0
6069,58671.0
6071,2121220.0
6073,3283665.0
6075,864263.0
6077,724153.0
6079,280119.0
6081,763450.0
6083,442996.0
6085,1911226.0
6087,273263.0
6089,178919.0
6091,2885.0
6093,43530.0
6095,434981.0
6097,500943.0
6099,535684.0
6101,95583.0
6103,63247.0
6105,13037.0
6107,458809.0
6109,53899.0
6111,847834.0
6113,212605.0
6115,74644.0
8001,487850.0
8003,16345.0
8005,626612.0
8007,12592.0
8009,3581.0
8011,5806.0
8013,316782.0
8014,64283.0
8015,18818.0
8017,2127.0
8019,9257.0
8021,8147.0
8023,3628.0
8025,5514.0
8027,4505.0
8029,30217.0
8031,678467.0
8033,1736.0
8035,320940.0
8037,53726.0
8039,24553.0
8041,674826.0
8043,46601.0
8045,57945.0
8047,5793.0
8049,14793.0
8051,16215.0
8053,820.0
8055,6498.0
8057,1372.0
8059,564029.0
8061,1368.0
8063,7846.0
8065,7481.0
8067,54469.0
8069,330976.0
8071,14151.0
8073,5520.0
8075,21885.0
8077,148798.0
8079,834.0
8081,13056.0
8083,25770.0
8085,40908.0
8087,28123.0
8089,18325.0
8091,4653.0
8093,16900.0
8095,4327.0
8097,17747.0
8099,12084.0
8101,163368.0
8103,6557.0
8105,11430.0
8107,24359.0
8109,6338.0
8111,569.0
8113,7804.0
8115,2357.0
8117,29722.0
8119,23769.0
8121,4809.0
8123,285729.0
8125,10109.0
9001,947328.0
9003,897417.0
9005,184454.0
9007,164110.0
9009,862127.0
9011,270772.0
9013,151596.0
9015,116674.0
10001,173145.0
10003,555036.0
10005,215551.0
11001,672391.0
12001,259865.0
12003,27537.0
12005,180117.0
12007,26775.0
12009,568183.0
12011,1890416.0
12013,14458.0
12015,173236.0
12017,141373.0
12019,203291.0
12021,356774.0
12023,68484.0
12027,35675.0
12029,16323.0
12031,912043.0
12033,309924.0
12035,105015.0
12037,11675.0
12039,46113.0
12041,17191.0
12043,13197.0
12045,16018.0
12047,14238.0
12049,27326.0
12051,39064.0
12053,179144.0
12055,100177.0
12057,1351087.0
12059,19483.0
12061,147981.0
12063,48571.0
12065,14085.0
12067,8684.0
12069,326215.0
12071,700165.0
12073,285890.0
12075,39713.0
12077,8347.0
12079,18518.0
12081,363542.0
12083,343778.0
12085,155719.0
12086,2702602.0
12087,76745.0
12089,78435.0
12091,197591.0
12093,40228.0
12095,1290216.0
12097,325168.0
12099,1426772.0
12101,498136.0
12103,949842.0
12105,652256.0
12107,72435.0
12109,226578.0
12111,298763.0
12113,166778.0
12115,404839.0
12117,449260.0
12119,116754.0
12121,43814.0
12123,22350.0
12125,15300.0
12127,518660.0
12129,31586.0
12131,63457.0
12133,24472.0
13001,18471.0
13003,8313.0
13005,11279.0
13007,3251.0
13009,45527.0
13011,18363.0
13013,75099.0
13015,102623.0
13017,17272.0
13019,19014.0
13021,153923.0
13023,12779.0
13025,18411.0
13027,15629.0
13029,34883.0
13031,73742.0
13033,22645.0
13035,23556.0
13037,6503.0
13039,52252.0
13043,10894.0
13045,114898.0
13047,65870.0
13049,12963.0
13051,285506.0
13053,11096.0
13055,24880.0
13057,235896.0
13059,123554.0
13061,3024.0
13063,274150.0
13065,6788.0
13067,739072.0
13069,43048.0
13071,45890.0
13073,143723.0
13075,17190.0
13077,138015.0
13079,12385.0
13081,23005.0
13083,16282.0
13085,23397.0
13087,27023.0
13089,736066.0
13091,21063.0
13093,14053.0
13095,91522.0
13097,140152.0
13099,10405.0
13101,4011.0
13103,57087.0
13105,19288.0
13107,22502.0
13109,10757.0
13111,24480.0
13113,110306.0
13115,96471.0
13117,211300.0
13119,22328.0
13121,1010420.0
13123,29614.0
13125,3027.0
13127,83467.0
13129,56424.0
13131,25048.0
13133,16732.0
13135,889954.0
13137,43878.0
13139,192865.0
13141,8667.0
13143,28722.0
13145,33198.0
13147,25535.0
13149,11607.0
13151,217506.0
13153,150341.0
13155,9278.0
13157,63851.0
13159,13732.0
13161,14999.0
13163,15954.0
13165,8929.0
13167,9800.0
13169,28540.0
13171,18282.0
13173,10388.0
13175,47451.0
13177,29216.0
13179,62120.0
13181,7768.0
13183,17857.0
13185,113941.0
13187,31567.0
13189,21488.0
13191,14061.0
13193,13675.0
13195,28600.0
13197,8558.0
13199,21152.0
13201,5884.0
13205,22574.0
13207,26795.0
13209,8962.0
13211,18013.0
13213,39444.0
13215,198647.0
13217,105042.0
13219,35972.0
13221,14654.0
13223,152399.0
13225,27027.0
13227,30343.0
13229,19141.0
13231,17919.0
13233,41444.0
13235,11396.0
13237,21430.0
13239,2140.0
13241,16354.0
13243,7206.0
13245,201568.0
13247,88482.0
13249,5168.0
13251,14037.0
13253,8549.0
13255,64192.0
13257,25625.0
13259,5832.0
13261,30687.0
13263,6423.0
13265,1844.0
13267,25402.0
13269,8267.0
13271,16339.0
13273,8978.0
13275,44909.0
13277,40531.0
13279,27160.0
13281,11173.0
13283,6752.0
13285,69433.0
13287,8036.0
13289,8323.0
13291,22262.0
13293,26241.0
13295,68609.0
13297,88695.0
13299,35688.0
13301,5410.0
13303,20506.0
13305,29833.0
13307,2627.0
13309,7952.0
13311,28509.0
13313,103963.0
13315,8896.0
13317,9905.0
13319,9147.0
13321,20809.0
15005,86.0
15009,164094.0
16001,435117.0
16003,3946.0
16005,84113.0
16007,5942.0
16009,9050.0
16011,45369.0
16013,21583.0
16015,6968.0
16017,41855.0
16019,110404.0
16021,11323.0
16023,2613.0
16025,886.0
16027,207027.0
16029,6862.0
16031,23472.0
16033,1055.0
16035,8533.0
16037,4141.0
16039,26232.0
16041,13120.0
16043,12889.0
16045,16850.0
16047,15110.0
16049,16275.0
16051,27410.0
16053,23039.0
16055,150128.0
16057,38697.0
16059,7755.0
16061,3824.0
16063,5296.0
16065,38241.0
16067,20448.0
16069,40014.0
16071,4284.0
16073,11384.0
16075,22839.0
16077,7667.0
16079,12490.0
16081,10776.0
16083,82248.0
16085,10104.0
16087,9996.0
17001,66787.0
17003,6776.0
17005,17034.0
17007,53638.0
17009,6791.0
17011,33619.0
17013,4897.0
17015,14704.0
17017,12880.0
17019,207946.0
17021,33562.0
17023,15924.0
17025,13393.0
17027,37640.0
17029,52540.0
17031,5238541.0
17033,19214.0
17035,10899.0
17037,104473.0
17039,16176.0
17041,19830.0
17043,931826.0
17045,17603.0
17047,6570.0
17049,34164.0
17051,21980.0
17053,13470.0
17055,39302.0
17057,35733.0
17059,5226.0
17061,13311.0
17063,50333.0
17065,8259.0
17067,18264.0
17069,4161.0
17071,6927.0
17073,49649.0
17075,28457.0
17077,59115.0
17079,9608.0
17081,38358.0
17083,22215.0
17085,22046.0
17087,12899.0
17089,529402.0
17091,110801.0
17093,122933.0
17095,51374.0
17097,704476.0
17099,111151.0
17101,16457.0
17103,34670.0
17105,36812.0
17107,29488.0
17109,31597.0
17111,308043.0
17113,173231.0
17115,107587.0
17117,45960.0
17119,266153.0
17121,38305.0
17123,11925.0
17125,13904.0
17127,14594.0
17129,12416.0
17131,15794.0
17133,33739.0
17135,29173.0
17137,34442.0
17139,14711.0
17141,51619.0
17143,186145.0
17145,21467.0
17147,16433.0
17149,15930.0
17151,4360.0
17153,5691.0
17155,5771.0
17157,32829.0
17159,15953.0
17161,146205.0
17163,264433.0
17165,24430.0
17167,198134.0
17169,7181.0
17171,5109.0
17173,21906.0
17175,5551.0
17177,45839.0
17179,134695.0
17181,17267.0
17183,79207.0
17185,11568.0
17187,17429.0
17189,14260.0
17191,16569.0
17193,14186.0
17195,56823.0
17197,687727.0
17199,67477.0
17201,287512.0
17203,38942.0
18001,35018.0
18003,367747.0
18005,81024.0
18007,8685.0
18009,12214.0
18011,63013.0
18013,15007.0
18015,19994.0
18017,38248.0
18019,114893.0
18021,26375.0
18023,32455.0
18025,10598.0
18027,32777.0
18029,49564.0
18031,26480.0
18033,42524.0
18035,115938.0
18037,42379.0
18039,202924.0
18041,23426.0
18043,76481.0
18045,16620.0
18047,22835.0
18049,20296.0
18051,33596.0
18053,67615.0
18055,32431.0
18057,309687.0
18059,72776.0
18061,39450.0
18063,158170.0
18065,48649.0
18067,82457.0
18069,36520.0
18071,43779.0
18073,33448.0
18075,21107.0
18077,32293.0
18079,27840.0
18081,149359.0
18083,37763.0
18085,78720.0
18087,38720.0
18089,488694.0
18091,110839.0
18093,45669.0
18095,129641.0
18097,939964.0
18099,46752.0
18101,10219.0
18103,36035.0
18105,144436.0
18107,38288.0
18109,69533.0
18111,14056.0
18113,47421.0
18115,5911.0
18117,19623.0
18119,20957.0
18121,17062.0
18123,19229.0
18125,12471.0
18127,167391.0
18129,25599.0
18131,12761.0
18133,37543.0
18135,25203.0
18137,28372.0
18139,16765.0
18141,268613.0
18143,23722.0
18145,44339.0
18147,20610.0
18149,22966.0
18151,34459.0
18153,20900.0
18155,10617.0
18157,186081.0
18159,15290.0
18161,7225.0
18163,181831.0
18165,15644.0
18167,107723.0
18169,31848.0
18171,8269.0
18173,61581.0
18175,27807.0
18177,66972.0
18179,27832.0
18181,24279.0
18183,33481.0
19001,7192.0
19003,3785.0
19005,13940.0
19007,12547.0
19009,5711.0
19011,25646.0
19013,132960.0
19015,26381.0
19017,24741.0
19019,21101.0
19021,20369.0
19023,14822.0
19025,9814.0
19027,20428.0
19029,13327.0
19031,18368.0
19033,43134.0
19035,11577.0
19037,12140.0
19039,9267.0
19041,16387.0
19043,17711.0
19045,47587.0
19047,17131.0
19049,80864.0
19051,8834.0
19053,8105.0
19055,17326.0
19057,39876.0
19059,17000.0
19061,96571.0
19063,9661.0
19065,20139.0
19067,15904.0
19069,10326.0
19071,6985.0
19073,9046.0
19075,12354.0
19077,10664.0
19079,15201.0
19081,10971.0
19083,17239.0
19085,14196.0
19087,19865.0
19089,9321.0
19091,9586.0
19093,6965.0
19095,16231.0
19097,19409.0
19099,36789.0
19101,17945.0
19103,144425.0
19105,20468.0
19107,10223.0
19109,15166.0
19111,34785.0
19113,220008.0
19115,11238.0
19117,8600.0
19119,11745.0
19121,15720.0
19123,22301.0
19125,33127.0
19127,40476.0
19129,14933.0
19131,10663.0
19133,8865.0
19135,7912.0
19137,10239.0
19139,42923.0
19141,13944.0
19143,6149.0
19145,15393.0
19147,9110.0
19149,25027.0
19151,6972.0
19153,467235.0
19155,93287.0
19157,18428.0
19159,4986.0
19161,9936.0
19163,171493.0
19165,11772.0
19167,34692.0
19169,95888.0
19171,17236.0
19173,6214.0
19175,12497.0
19177,7308.0
19179,35321.0
19181,48630.0
19183,22095.0
19185,6405.0
19187,36945.0
19189,10545.0
19191,20575.0
19193,102397.0
19195,7502.0
19197,12864.0
20001,12752.0
20003,7840.0
20005,16466.0
20007,4905.0
20009,27067.0
20011,14757.0
20013,9736.0
20015,66260.0
20017,2665.0
20019,3425.0
20021,20501.0
20023,2677.0
20025,2089.0
20027,8203.0
20029,9191.0
20031,8328.0
20033,1741.0
20035,35732.0
20037,39099.0
20039,2891.0
20041,19162.0
20043,7790.0
20045,117806.0
20047,2946.0
20049,2581.0
20051,28877.0
20053,6331.0
20055,37097.0
20057,34658.0
20059,25599.0
20061,35796.0
20063,2632.0
20065,2561.0
20067,7716.0
20069,6004.0
20071,1210.0
20073,6227.0
20075,2621.0
20077,5746.0
20079,34683.0
20081,4081.0
20083,1875.0
20085,13322.0
20087,18856.0
20089,2963.0
20091,578797.0
20093,3931.0
20095,7576.0
20097,2524.0
20099,20553.0
20101,1702.0
20103,79359.0
20105,3121.0
20107,9602.0
20109,2790.0
20111,33302.0
20113,28792.0
20115,12087.0
20117,9859.0
20119,4295.0
20121,32976.0
20123,6230.0
20125,33463.0
20127,5605.0
20129,2931.0
20131,10095.0
20133,16209.0
20135,3001.0
20137,5527.0
20139,15894.0
20141,3684.0
20143,5957.0
20145,6776.0
20147,5446.0
20149,23188.0
20151,9670.0
20153,2520.0
20155,63360.0
20157,4705.0
20159,9868.0
20161,75696.0
20163,5148.0
20165,3119.0
20167,6987.0
20169,55334.0
20171,4981.0
20173,510484.0
20175,22948.0
20177,178392.0
20179,2497.0
20181,5999.0
20183,3693.0
20185,4251.0
20187,2107.0
20189,5741.0
20191,23336.0
20193,7847.0
20195,2899.0
20197,6918.0
20199,1591.0
20201,5572.0
20203,2157.0
20205,8858.0
20207,3178.0
20209,163227.0
21001,19304.0
21003,20628.0
21005,22017.0
21007,8152.0
21009,43418.0
21011,12189.0
21013,27469.0
21015,127682.0
21017,20017.0
21019,48486.0
21021,29773.0
21023,8330.0
21025,13276.0
21027,19991.0
21029,78622.0
21031,12735.0
21033,12747.0
21035,38616.0
21037,91804.0
21039,4890.0
21041,10695.0
21043,27385.0
21045,15805.0
21047,72438.0
21049,35757.0
21051,20866.0
21053,10208.0
21055,9154.0
21057,6744.0
21059,99258.0
21061,12063.0
21063,7533.0
21065,14382.0
21067,315109.0
21069,14515.0
21071,37447.0
21073,49969.0
21075,6259.0
21077,8652.0
21079,17226.0
21081,24800.0
21083,37259.0
21085,26129.0
21087,11044.0
21089,36012.0
21091,8700.0
21093,107699.0
21095,27548.0
21097,18630.0
21099,18531.0
21101,46252.0
21103,15677.0
21105,4625.0
21107,45985.0
21109,13369.0
21111,764378.0
21113,51667.0
21115,23064.0
21117,163987.0
21119,15690.0
21121,31424.0
21123,14102.0
21125,59901.0
21127,15844.0
21129,6717.0
21131,10648.0
21133,23011.0
21135,13565.0
21137,24413.0
21139,9288.0
21141,26847.0
21143,8268.0
21145,65285.0
21147,17748.0
21149,9361.0
21151,88376.0
21153,12783.0
21155,19335.0
21157,31177.0
21159,12175.0
21161,17167.0
21163,28452.0
21165,6381.0
21167,21378.0
21169,9990.0
21171,10645.0
21173,27550.0
21175,13281.0
21177,31153.0
21179,45131.0
21181,7061.0
21183,24062.0
21185,64633.0
21187,10686.0
21189,4497.0
21191,14530.0
21193,27329.0
21195,61586.0
21197,12349.0
21199,63974.0
21201,2161.0
21203,16815.0
21205,24392.0
21207,17731.0
21209,52322.0
21211,45831.0
21213,17881.0
21215,18012.0
21217,25406.0
21219,12377.0
21221,14286.0
21223,8697.0
21225,14915.0
21227,123824.0
21229,11999.0
21231,20692.0
21233,13180.0
21235,36027.0
21237,7251.0
21239,25817.0
22001,62607.0
22003,25667.0
22005,119129.0
22007,22881.0
22009,41095.0
22011,36598.0
22013,13806.0
22015,125698.0
22017,251069.0
22019,198753.0
22021,10000.0
22023,6806.0
22025,10044.0
22027,16296.0
22029,20211.0
22031,27164.0
22033,446167.0
22035,7318.0
22037,19553.0
22039,33750.0
22041,20388.0
22043,22305.0
22045,73346.0
22047,33122.0
22049,15952.0
22051,437038.0
22053,31405.0
22055,238230.0
22057,98112.0
22059,14930.0
22061,47536.0
22063,137096.0
22065,11616.0
22067,26290.0
22069,39051.0
22071,388182.0
22073,156433.0
22075,23394.0
22077,22271.0
22079,132080.0
22081,8723.0
22083,20619.0
22085,24145.0
22087,45067.0
22089,52728.0
22091,10509.0
22093,21485.0
22095,43565.0
22097,83580.0
22099,53609.0
22101,52578.0
22103,249201.0
22105,128850.0
22107,4771.0
22109,113067.0
22111,22537.0
22113,59841.0
22115,51906.0
22117,46449.0
22119,40043.0
22121,25518.0
22123,11274.0
22125,15376.0
22127,14631.0
23001,107317.0
23003,68840.0
23005,289173.0
23007,30177.0
23009,54468.0
23011,121289.0
23013,39700.0
23015,34021.0
23017,57230.0
23019,152284.0
23021,16960.0
23023,35149.0
23025,50994.0
23027,39280.0
23029,31822.0
23031,201454.0
24001,72591.0
24003,564600.0
24005,828637.0
24009,90824.0
24011,32785.0
24013,167319.0
24015,102416.0
24017,156021.0
24019,32386.0
24021,246105.0
24023,29516.0
24025,250132.0
24027,312495.0
24029,19666.0
24031,1039198.0
24033,905161.0
24035,49071.0
24037,110979.0
24039,25801.0
24041,37461.0
24043,149546.0
24045,102014.0
24047,51559.0
24510,619796.0
25001,213900.0
25003,127751.0
25005,557016.0
25007,17275.0
25009,775860.0
25011,70926.0
25013,469188.0
25015,161197.0
25017,1582857.0
25019,10912.0
25021,694389.0
25023,509114.0
25025,780685.0
25027,818249.0
26001,10413.0
26003,9254.0
26005,114145.0
26007,28730.0
26009,23133.0
26011,15238.0
26013,8580.0
26015,59607.0
26017,105350.0
26019,17462.0
26021,154948.0
26023,43543.0
26025,134327.0
26027,51397.0
26029,26160.0
26031,25475.0
26033,38023.0
26035,30597.0
26037,77321.0
26039,13821.0
26041,36395.0
26043,25694.0
26045,108586.0
26047,32978.0
26049,410881.0
26051,25324.0
26053,15577.0
26055,91222.0
26057,41319.0
26059,45909.0
26061,36333.0
26063,31750.0
26065,286185.0
26067,64147.0
26069,25317.0
26071,11291.0
26073,70572.0
26075,158989.0
26077,259830.0
26079,17358.0
26081,636376.0
26083,2136.0
26085,11669.0
26087,88205.0
26089,21564.0
26091,98585.0
26093,186946.0
26095,6406.0
26097,10836.0
26099,864019.0
26101,24432.0
26103,67145.0
26105,28800.0
26107,43181.0
26109,23389.0
26111,83489.0
26113,14982.0
26115,149619.0
26117,62956.0
26119,9290.0
26121,172707.0
26123,47899.0
26125,1241860.0
26127,26317.0
26129,20979.0
26131,6072.0
26133,23221.0
26135,8304.0
26137,24247.0
26139,280243.0
26141,12854.0
26143,23934.0
26145,193803.0
26147,159761.0
26149,60890.0
26151,41535.0
26153,8114.0
26155,68617.0
26157,53569.0
26159,75190.0
26161,361509.0
26163,1763822.0
26165,32915.0
27001,15841.0
27003,344861.0
27005,33552.0
27007,45847.0
27009,39360.0
27011,5039.0
27013,65767.0
27015,25243.0
27017,35408.0
27019,98799.0
27021,28810.0
27023,12040.0
27025,54297.0
27027,62040.0
27029,8824.0
27031,5270.0
27033,11437.0
27035,63505.0
27037,414655.0
27039,20485.0
27041,36891.0
27043,13966.0
27045,20825.0
27047,30619.0
27049,46138.0
27051,5923.0
27053,1224763.0
27055,18709.0
27057,20743.0
27059,38584.0
27061,45237.0
27063,10104.0
27065,15948.0
27067,42577.0
27069,4384.0
27071,12776.0
27073,6840.0
27075,10578.0
27077,3841.0
27079,27810.0
27081,5724.0
27083,25789.0
27085,35816.0
27087,5500.0
27089,9397.0
27091,20084.0
27093,23105.0
27095,25635.0
27097,32880.0
27099,39386.0
27101,8394.0
27103,33477.0
27105,21854.0
27107,6589.0
27109,151685.0
27111,57790.0
27113,14197.0
27115,29057.0
27117,9229.0
27119,31564.0
27121,10932.0
27123,537893.0
27125,4017.0
27127,15430.0
27129,14798.0
27131,65251.0
27133,9433.0
27135,15537.0
27137,200294.0
27139,141463.0
27141,92024.0
27143,14888.0
27145,155300.0
27147,36612.0
27149,9759.0
27151,9448.0
27153,24423.0
27155,3357.0
27157,21490.0
27159,13626.0
27161,18898.0
27163,250979.0
27165,10936.0
27167,6398.0
27169,50992.0
27171,131130.0
27173,9930.0
28001,31583.0
28003,37242.0
28005,12574.0
28007,18731.0
28009,8306.0
28011,33121.0
28013,14617.0
28015,10221.0
28017,17305.0
28019,8360.0
28021,9106.0
28023,16089.0
28025,19990.0
28027,24296.0
28029,28748.0
28031,19172.0
28033,173267.0
28035,75835.0
28037,7772.0
28039,23545.0
28041,13801.0
28043,21379.0
28045,46277.0
28047,200491.0
28049,243249.0
28051,18267.0
28053,8678.0
28055,1296.0
28057,23439.0
28059,141314.0
28061,16547.0
28063,7463.0
28065,11639.0
28067,68328.0
28069,10082.0
28071,52744.0
28073,60517.0
28075,78221.0
28077,12659.0
28079,22936.0
28081,84840.0
28083,30113.0
28085,34542.0
28087,59558.0
28089,102212.0
28091,25466.0
28093,35981.0
28095,35967.0
28097,10309.0
28099,29437.0
28101,21437.0
28103,10942.0
28105,49392.0
28107,34229.0
28109,55049.0
28111,12047.0
28113,39763.0
28115,31075.0
28117,25389.0
28119,7537.0
28121,149645.0
28123,28399.0
28125,4631.0
28127,27215.0
28129,16114.0
28131,17981.0
28133,26915.0
28135,14552.0
28137,28333.0
28139,21993.0
28141,19476.0
28143,10276.0
28145,28202.0
28147,14670.0
28149,47510.0
28151,48002.0
28153,20458.0
28155,9868.0
28157,9084.0
28159,18482.0
28161,12426.0
28163,27496.0
29001,25437.0
29003,17358.0
29005,5335.0
29007,25763.0
29009,35398.0
29011,11942.0
29013,16405.0
29015,18918.0
29017,12347.0
29019,174589.0
29021,89425.0
29023,42826.0
29025,9046.0
29027,44793.0
29029,44855.0
29031,78013.0
29033,8909.0
29035,6255.0
29037,101888.0
29039,13862.0
29041,7586.0
29043,83028.0
29045,6807.0
29047,236068.0
29049,20495.0
29051,76749.0
29053,17620.0
29055,24387.0
29057,7581.0
29059,16441.0
29061,8300.0
29063,12564.0
29065,15566.0
29067,13391.0
29069,30905.0
29071,102413.0
29073,14769.0
29075,6688.0
29077,286759.0
29079,10111.0
29081,8615.0
29083,21834.0
29085,9352.0
29087,4499.0
29089,10144.0
29091,40139.0
29093,10286.0
29095,688554.0
29097,118522.0
29099,222639.0
29101,53941.0
29103,3976.0
29105,35488.0
29107,32655.0
29109,38131.0
29111,10078.0
29113,54800.0
29115,12248.0
29117,15025.0
29119,22753.0
29121,15319.0
29123,12226.0
29125,8959.0
29127,28703.0
29129,3669.0
29131,24947.0
29133,13916.0
29135,15904.0
29137,8676.0
29139,11618.0
29141,20097.0
29143,18030.0
29145,58237.0
29147,22744.0
29149,10779.0
29151,13610.0
29153,9328.0
29155,17344.0
29157,19135.0
29159,42309.0
29161,44873.0
29163,18517.0
29165,96899.0
29167,31347.0
29169,53132.0
29171,4846.0
29173,10208.0
29175,24987.0
29177,22859.0
29179,6361.0
29181,13807.0
29183,385115.0
29185,9396.0
29186,17882.0
29187,66248.0
29189,999539.0
29195,23010.0
29197,4450.0
29199,4883.0
29201,38858.0
29203,8273.0
29205,6084.0
29207,29634.0
29209,31529.0
29211,6382.0
29213,54308.0
29215,25714.0
29217,20665.0
29219,33554.0
29221,24968.0
29223,13369.0
29225,37558.0
29227,2053.0
29229,18304.0
29510,314867.0
30001,9360.0
30003,13290.0
30005,6646.0
30007,5755.0
30009,10466.0
30011,1320.0
30013,81816.0
30015,5812.0
30017,11895.0
30019,1788.0
30021,9324.0
30023,9131.0
30025,2925.0
30027,11327.0
30029,96147.0
30031,100733.0
30033,1086.0
30035,13677.0
30037,747.0
30039,3206.0
30041,16468.0
30043,11625.0
30045,1965.0
30047,29518.0
30049,66290.0
30051,2245.0
30053,19249.0
30055,1728.0
30057,7902.0
30059,2000.0
30061,4194.0
30063,114231.0
30065,4766.0
30067,16001.0
30069,453.0
30071,4139.0
30073,6081.0
30075,1610.0
30077,6852.0
30079,1325.0
30081,41387.0
30083,11405.0
30085,11218.0
30087,9292.0
30089,11414.0
30091,3568.0
30093,34514.0
30095,9342.0
30097,3646.0
30099,6040.0
30101,5031.0
30103,790.0
30105,7561.0
30107,2108.0
30109,1121.0
30111,156332.0
31001,31564.0
31003,6406.0
31005,421.0
31007,728.0
31009,502.0
31011,5357.0
31013,11200.0
31015,2049.0
31017,3058.0
31019,48834.0
31021,6546.0
31023,8105.0
31025,25513.0
31027,8561.0
31029,3803.0
31031,5792.0
31033,10012.0
31035,6264.0
31037,10616.0
31039,9039.0
31041,10836.0
31043,20529.0
31045,8972.0
31047,23925.0
31049,1901.0
31051,5765.0
31053,36576.0
31055,549706.0
31057,2017.0
31059,5603.0
31061,3019.0
31063,2624.0
31065,4814.0
31067,21632.0
31069,1913.0
31071,1958.0
31073,2019.0
31075,682.0
31077,2436.0
31079,61233.0
31081,9149.0
31083,3469.0
31085,957.0
31087,2860.0
31089,10293.0
31091,684.0
31093,6385.0
31095,7276.0
31097,5200.0
31099,6547.0
31101,8129.0
31103,720.0
31105,3688.0
31107,8496.0
31109,306357.0
31111,35569.0
31113,919.0
31115,537.0
31117,432.0
31119,35062.0
31121,7829.0
31123,4903.0
31125,3569.0
31127,7041.0
31129,4318.0
31131,15875.0
31133,2704.0
31135,2904.0
31137,9163.0
31139,7175.0
31141,32875.0
31143,5244.0
31145,10870.0
31147,8045.0
31149,1381.0
31151,14325.0
31153,175188.0
31155,20953.0
31157,36509.0
31159,17045.0
31161,5241.0
31163,3048.0
31165,1256.0
31167,6020.0
31169,5133.0
31171,643.0
31173,7055.0
31175,4252.0
31177,20414.0
31179,9409.0
31181,3597.0
31183,846.0
31185,13832.0
32001,24022.0
32003,2112436.0
32005,47632.0
32007,52377.0
32009,1102.0
32011,1728.0
32013,17088.0
32015,5887.0
32017,5203.0
32019,52303.0
32021,4471.0
32023,43296.0
32027,6661.0
32029,3891.0
32031,445551.0
32033,9858.0
32510,54219.0
33001,60383.0
33003,47524.0
33005,76109.0
33007,32119.0
33009,89280.0
33011,406371.0
33013,147958.0
33015,302479.0
33017,126552.0
33019,43073.0
34001,272926.0
34003,937920.0
34005,449192.0
34007,510996.0
34009,94549.0
34011,154952.0
34013,800401.0
34015,291372.0
34017,679756.0
34019,125717.0
34021,373362.0
34023,837288.0
34025,627551.0
34027,498847.0
34029,589699.0
34031,510563.0
34033,63776.0
34035,333316.0
34037,143570.0
34039,557320.0
34041,107088.0
35001,674855.0
35003,3547.0
35005,65454.0
35006,27049.0
35007,12522.0
35009,50283.0
35011,2016.0
35013,213849.0
35015,56793.0
35017,28382.0
35019,4426.0
35021,546.0
35023,4446.0
35025,69505.0
35027,19497.0
35028,18031.0
35029,24319.0
35031,72849.0
35033,4605.0
35035,65130.0
35037,8447.0
35039,39455.0
35041,19313.0
35043,138815.0
35045,128221.0
35047,28203.0
35049,147514.0
35051,11254.0
35053,17098.0
35055,32809.0
35057,15534.0
35059,4216.0
35061,75845.0
36001,308580.0
36003,47400.0
36005,1455846.0
36007,196124.0
36009,78175.0
36011,78319.0
36013,130846.0
36015,86883.0
36017,48763.0
36019,81224.0
36021,61481.0
36023,48334.0
36025,45950.0
36027,295685.0
36029,923995.0
36031,38233.0
36033,51054.0
36035,53955.0
36037,58537.0
36039,47791.0
36041,4646.0
36043,62943.0
36045,116567.0
36047,2635121.0
36049,26845.0
36051,64373.0
36053,71760.0
36055,748680.0
36057,49500.0
36059,1363069.0
36061,1653877.0
36063,212675.0
36065,232324.0
36067,467669.0
36069,109491.0
36071,378174.0
36073,41584.0
36075,119833.0
36077,60750.0
36079,99464.0
36081,2339280.0
36083,159800.0
36085,475948.0
36087,325027.0
36089,110817.0
36091,226632.0
36093,155239.0
36095,31611.0
36097,18112.0
36099,34843.0
36101,97539.0
36103,1497595.0
36105,75783.0
36107,49322.0
36109,104415.0
36111,180129.0
36113,64701.0
36115,62183.0
36117,91442.0
36119,975321.0
36121,40886.0
36123,25083.0
37001,157844.0
37003,37159.0
37005,10935.0
37007,25531.0
37009,26833.0
37011,17535.0
37013,47316.0
37015,19913.0
37017,34130.0
37019,122586.0
37021,252268.0
37023,88898.0
37025,196716.0
37027,81805.0
37029,10336.0
37031,68699.0
37033,22833.0
37035,156182.0
37037,68364.0
37039,27463.0
37041,14370.0
37043,10753.0
37045,97038.0
37047,56589.0
37049,103374.0
37051,332766.0
37053,25247.0
37055,35412.0
37057,164118.0
37059,41766.0
37061,59350.0
37063,300865.0
37065,54032.0
37067,368362.0
37069,63866.0
37071,214049.0
37073,11601.0
37075,8607.0
37077,58503.0
37079,21059.0
37081,517197.0
37083,52300.0
37085,128753.0
37087,59854.0
37089,112156.0
37091,24262.0
37093,52571.0
37095,5507.0
37097,169798.0
37099,41725.0
37101,186308.0
37103,9776.0
37105,59805.0
37107,57934.0
37109,80504.0
37111,45069.0
37113,34160.0
37115,21347.0
37117,23227.0
37119,1034290.0
37121,15155.0
37123,27445.0
37125,94191.0
37127,94125.0
37129,219866.0
37131,20426.0
37133,192685.0
37135,141812.0
37137,12803.0
37139,39546.0
37141,57630.0
37143,13506.0
37145,39240.0
37147,176484.0
37149,20434.0
37151,142827.0
37153,45447.0
37155,134187.0
37157,91566.0
37159,138940.0
37161,66523.0
37163,63664.0
37165,35445.0
37167,60875.0
37169,46124.0
37171,72315.0
37173,14208.0
37175,33291.0
37177,4090.0
37179,222095.0
37181,44420.0
37183,1023811.0
37185,20190.0
37187,12331.0
37189,53421.0
37191,124496.0
37193,68525.0
37195,81379.0
37197,37825.0
37199,17605.0
38001,2368.0
38003,10971.0
38005,6875.0
38007,983.0
38009,6651.0
38011,3226.0
38013,2253.0
38015,92372.0
38017,170620.0
38019,3817.0
38021,5041.0
38023,2378.0
38025,4349.0
38027,2321.0
38029,3389.0
38031,3318.0
38033,1892.0
38035,70130.0
38037,2387.0
38039,2276.0
38041,2601.0
38043,2457.0
38045,4106.0
38047,1932.0
38049,5951.0
38051,2680.0
38053,11679.0
38055,9607.0
38057,8637.0
38059,30059.0
38061,9986.0
38063,2971.0
38065,1822.0
38067,7050.0
38069,4272.0
38071,11574.0
38073,5411.0
38075,2543.0
38077,16333.0
38079,14657.0
38081,3883.0
38083,1403.0
38085,4420.0
38087,674.0
38089,30316.0
38091,1915.0
38093,21058.0
38095,2258.0
38097,8050.0
38099,10920.0
38101,69628.0
38103,4089.0
38105,32916.0
39001,27926.0
39003,104157.0
39005,53299.0
39007,98622.0
39009,65563.0
39011,45778.0
39013,68889.0
39015,43799.0
39017,375702.0
39019,27825.0
39021,39005.0
39023,135520.0
39025,202166.0
39027,41869.0
39029,104584.0
39031,36602.0
39033,42231.0
39035,1257401.0
39037,51919.0
39039,38311.0
39041,193024.0
39043,75369.0
39045,151526.0
39047,28659.0
39049,1253507.0
39051,42296.0
39053,30203.0
39055,93895.0
39057,164825.0
39059,39414.0
39061,808703.0
39063,75508.0
39065,31576.0
39067,15397.0
39069,27463.0
39071,43031.0
39073,28547.0
39075,43808.0
39077,58497.0
39079,32624.0
39081,67349.0
39083,60945.0
39085,229701.0
39087,61057.0
39089,170678.0
39091,45323.0
39093,305405.0
39095,433404.0
39097,43732.0
39099,231857.0
39101,65483.0
39103,176362.0
39105,23234.0
39107,40723.0
39109,104081.0
39111,14239.0
39113,531987.0
39115,14773.0
39117,34935.0
39119,85933.0
39121,14498.0
39123,40769.0
39125,18951.0
39127,35983.0
39129,57075.0
39131,28291.0
39133,162080.0
39135,41328.0
39137,34037.0
39139,121533.0
39141,77125.0
39143,59559.0
39145,76871.0
39147,55549.0
39149,48902.0
39151,374273.0
39153,541318.0
39155,203341.0
39157,92531.0
39159,54688.0
39161,28262.0
39163,13142.0
39165,223868.0
39167,60871.0
39169,115915.0
39171,37061.0
39173,129504.0
39175,22190.0
40001,22136.0
40003,5877.0
40005,13899.0
40007,5445.0
40009,22971.0
40011,9680.0
40013,45068.0
40015,29437.0
40017,132922.0
40019,48407.0
40021,48404.0
40023,14979.0
40025,2221.0
40027,274024.0
40029,5666.0
40031,123066.0
40033,6000.0
40035,14563.0
40037,70899.0
40039,29169.0
40041,41878.0
40043,4904.0
40045,4102.0
40047,62421.0
40049,27751.0
40051,54351.0
40053,4458.0
40055,6018.0
40057,2758.0
40059,3843.0
40061,12746.0
40063,13519.0
40065,25574.0
40067,6270.0
40069,11039.0
40071,45173.0
40073,15510.0
40075,9127.0
40077,10621.0
40079,49860.0
40081,34759.0
40083,45326.0
40085,9843.0
40087,37919.0
40089,33026.0
40091,19874.0
40093,7730.0
40095,16226.0
40097,40929.0
40099,13797.0
40101,69471.0
40103,11421.0
40105,10448.0
40107,12160.0
40109,774203.0
40111,39121.0
40113,47350.0
40115,31725.0
40117,16448.0
40119,80634.0
40121,44673.0
40123,38289.0
40125,71614.0
40127,11132.0
40129,3734.0
40131,90098.0
40133,25246.0
40135,41364.0
40137,44293.0
40139,21409.0
40141,7591.0
40143,637123.0
40145,76830.0
40147,51867.0
40149,11550.0
40151,9132.0
40153,21140.0
41001,15980.0
41003,88249.0
41005,399962.0
41007,38021.0
41009,50207.0
41011,62921.0
41013,21717.0
41015,22377.0
41017,175321.0
41019,107576.0
41021,1910.0
41023,7209.0
41025,7195.0
41027,22938.0
41029,212070.0
41031,22707.0
41033,84514.0
41035,66018.0
41037,7807.0
41039,363471.0
41041,47307.0
41043,121074.0
41045,30421.0
41047,330453.0
41049,11153.0
41051,788459.0
41053,79666.0
41055,1635.0
41057,25840.0
41059,76736.0
41061,25810.0
41063,6864.0
41065,25687.0
41067,572071.0
41069,1415.0
41071,102366.0
42001,101589.0
42003,1229605.0
42005,66737.0
42007,168161.0
42009,48891.0
42011,415500.0
42013,124736.0
42015,61546.0
42017,626486.0
42019,185984.0
42021,135871.0
42023,4754.0
42025,63987.0
42027,160646.0
42029,514652.0
42031,38747.0
42033,80539.0
42035,39321.0
42037,66615.0
42039,86847.0
42041,245801.0
42043,273329.0
42045,563384.0
42047,30781.0
42049,277794.0
42051,133160.0
42053,7388.0
42055,153003.0
42057,14631.0
42059,37338.0
42061,45686.0
42063,86551.0
42065,44258.0
42067,24448.0
42069,211960.0
42071,536494.0
42073,88231.0
42075,137616.0
42077,360774.0
42079,318222.0
42081,115398.0
42083,42070.0
42085,113623.0
42087,46452.0
42089,167306.0
42091,818677.0
42093,18302.0
42095,300941.0
42097,93038.0
42099,45878.0
42101,1569657.0
42103,55687.0
42105,17070.0
42107,144287.0
42109,40570.0
42111,75619.0
42113,6192.0
42115,41716.0
42117,41550.0
42119,45056.0
42121,52880.0
42123,40345.0
42125,207661.0
42127,51656.0
42129,356835.0
42131,27760.0
42133,442216.0
44001,49028.0
44003,164012.0
44005,83204.0
44007,633704.0
44009,126190.0
45001,24788.0
45003,165707.0
45005,9402.0
45007,194174.0
45009,14842.0
45011,21788.0
45013,179316.0
45015,204632.0
45017,14808.0
45019,387847.0
45021,56549.0
45023,32424.0
45025,46127.0
45027,34156.0
45029,37581.0
45031,67572.0
45033,31073.0
45035,151716.0
45037,26620.0
45039,22868.0
45041,138537.0
45043,61065.0
45045,490332.0
45047,69981.0
45049,20066.0
45051,310186.0
45053,27465.0
45055,63734.0
45057,86544.0
45059,66508.0
45061,17897.0
45063,281870.0
45065,9694.0
45067,31765.0
45069,27505.0
45071,37914.0
45073,75926.0
45075,89116.0
45077,121449.0
45079,404869.0
45081,20228.0
45083,297732.0
45085,107379.0
45087,27772.0
45089,32256.0
45091,251664.0
46003,2739.0
46005,18163.0
46007,3440.0
46009,6972.0
46011,33697.0
46013,38637.0
46015,5280.0
46017,2048.0
46019,10194.0
46021,1443.0
46023,9319.0
46025,3642.0
46027,13907.0
46029,27963.0
46031,4177.0
46033,8519.0
46035,19753.0
46037,5524.0
46039,4282.0
46041,5709.0
46043,2940.0
46045,3971.0
46047,6783.0
46049,2327.0
46051,7133.0
46053,4209.0
46055,2084.0
46057,5911.0
46059,3303.0
46061,3404.0
46063,1281.0
46065,17572.0
46067,7277.0
46069,1373.0
46071,3275.0
46073,2034.0
46075,740.0
46077,5000.0
46079,12350.0
46081,25018.0
46083,53147.0
46085,3882.0
46087,5515.0
46089,2366.0
46091,4759.0
46093,27066.0
46095,2062.0
46097,2255.0
46099,183660.0
46101,6496.0
46103,108126.0
46105,2964.0
46107,2318.0
46109,10250.0
46111,2366.0
46113,13610.35
46115,6478.0
46117,2994.0
46119,1390.0
46121,10016.0
46123,5480.0
46125,8242.0
46127,14929.0
46129,5502.0
46135,22660.0
46137,2837.0
47001,75538.0
47003,46854.0
47005,16154.0
47007,14413.0
47009,127135.0
47011,103666.0
47013,39824.0
47015,13839.0
47017,28137.0
47019,56500.0
47021,39713.0
47023,17097.0
47025,31566.0
47027,7684.0
47029,35262.0
47031,54074.0
47033,14554.0
47035,58178.0
47037,678322.0
47039,11681.0
47041,19380.0
47043,51341.0
47045,37751.0
47047,39336.0
47049,17940.0
47051,41397.0
47053,49222.0
47055,29024.0
47057,22942.0
47059,68520.0
47061,13359.0
47063,63465.0
47065,354589.0
47067,6605.0
47069,25784.0
47071,25813.0
47073,56402.0
47075,17944.0
47077,27889.0
47079,32263.0
47081,24502.0
47083,8188.0
47085,18281.0
47087,11573.0
47089,52887.0
47091,17846.0
47093,452286.0
47095,7588.0
47097,26497.0
47099,42591.0
47101,11944.0
47103,33543.0
47105,51024.0
47107,52569.0
47109,25945.0
47111,23239.0
47113,97887.0
47115,28355.0
47117,31753.0
47119,87606.0
47121,11830.0
47123,45698.0
47125,192120.0
47127,6302.0
47129,21639.0
47131,30659.0
47133,21995.0
47135,7882.0
47137,5071.0
47139,16722.0
47141,75565.0
47143,32478.0
47145,52926.0
47147,68575.0
47149,298456.0
47151,21949.0
47153,14654.0
47155,95523.0
47157,937847.0
47159,19279.0
47161,13248.0
47163,156519.0
47165,175730.0
47167,61434.0
47169,8773.0
47171,17830.0
47173,19176.0
47175,5675.0
47177,40210.0
47179,126437.0
47181,16713.0
47183,33776.0
47185,26394.0
47187,212161.0
47189,128874.0
48001,57747.0
48003,17577.0
48005,87700.0
48007,24832.0
48009,8793.0
48011,1929.0
48013,48139.0
48015,29292.0
48017,7098.0
48019,21316.0
48021,80306.0
48023,3602.0
48025,32729.0
48027,336506.0
48029,1892004.0
48031,11089.0
48033,602.0
48035,17955.0
48037,93635.0
48039,345995.0
48041,214231.0
48043,9220.0
48045,1591.0
48047,7251.0
48049,37787.0
48051,17596.0
48053,45017.0
48055,40544.0
48057,21821.0
48059,13660.0
48061,420201.0
48063,12670.0
48065,6033.0
48067,30118.0
48069,7891.0
48071,39283.0
48073,51594.0
48075,7064.0
48077,10369.0
48079,2932.0
48081,3238.0
48083,8422.0
48085,914075.0
48087,3026.0
48089,20913.0
48091,129100.0
48093,13492.0
48095,3858.0
48097,39064.0
48099,75818.0
48101,1498.0
48103,4836.0
48105,3836.0
48107,5895.0
48109,2257.0
48111,7207.0
48113,2552213.0
48115,13095.0
48117,18947.0
48119,5172.0
48121,781321.0
48123,20474.0
48125,2224.0
48127,10822.0
48129,3433.0
48131,11434.0
48133,18278.0
48135,155744.0
48137,2111.0
48139,164092.0
48141,834825.0
48143,41016.0
48145,17289.0
48147,33787.0
48149,24963.0
48151,3875.0
48153,5953.0
48155,1414.0
48157,711421.0
48159,10639.0
48161,19646.0
48163,19110.0
48165,19889.0
48167,321184.0
48169,6739.0
48171,25939.0
48173,1420.0
48175,7510.0
48177,20558.0
48179,22962.0
48181,126146.0
48183,123402.0
48185,27358.0
48187,150889.0
48189,34527.0
48191,3102.0
48193,8220.0
48195,5532.0
48197,3990.0
48199,55993.0
48201,4525519.0
48203,66606.0
48205,5821.0
48207,5806.0
48209,194843.0
48211,4152.0
48213,79687.0
48215,839539.0
48217,35098.0
48219,23273.0
48221,55418.0
48223,35929.0
48225,22849.0
48227,36491.0
48229,3702.0
48231,90322.0
48233,21704.0
48235,1592.0
48237,8839.0
48239,14756.0
48241,35444.0
48243,2236.0
48245,254574.0
48247,5262.0
48249,41318.0
48251,160173.0
48253,19969.0
48255,15051.0
48257,114852.0
48259,40306.0
48261,564.0
48263,680.0
48265,50761.0
48267,4432.0
48269,289.0
48271,3631.0
48273,31540.0
48275,3753.0
48277,49401.0
48279,13368.0
48281,20473.0
48283,7418.0
48285,19859.0
48287,16850.0
48289,16966.0
48291,79884.0
48293,23480.0
48295,3495.0
48297,12043.0
48299,20195.0
48301,74.0
48303,298042.0
48305,5785.0
48307,8145.0
48309,245720.0
48311,600.0
48313,13979.0
48315,10140.0
48317,5547.0
48319,4122.0
48321,36744.0
48323,57471.0
48325,48548.0
48327,2123.0
48329,159883.0
48331,24479.0
48333,4887.0
48335,8774.0
48337,19406.0
48339,535187.0
48341,22016.0
48343,12530.0
48345,1114.0
48347,65411.0
48349,48239.0
48351,14187.0
48353,14990.0
48355,358484.0
48357,10484.0
48359,2083.0
48361,83909.0
48363,28109.0
48365,23574.0
48367,125963.0
48369,9871.0
48371,15804.0
48373,46974.0
48375,121230.0
48377,7191.0
48379,11246.0
48381,130552.0
48383,3735.0
48385,3358.0
48387,12353.0
48389,14791.0
48391,7293.0
48393,889.0
48395,16727.0
48397,90414.0
48399,10266.0
48401,53026.0
48403,10429.0
48405,8403.0
48407,27436.0
48409,66867.0
48411,5851.0
48413,3122.0
48415,17346.0
48417,3348.0
48419,25689.0
48421,3067.0
48423,222277.0
48425,8650.0
48427,63420.0
48429,9365.0
48431,1139.0
48433,1084.0
48435,3894.0
48437,7541.0
48439,1983675.0
48441,135371.0
48443,721.0
48445,12755.0
48447,1541.0
48449,32664.0
48451,116906.0
48453,1176584.0
48455,14481.0
48457,21456.0
48459,40506.0
48461,3575.0
48463,27015.0
48465,48976.0
48467,53607.0
48469,91518.0
48471,70818.0
48473,48443.0
48475,11498.0
48477,34667.0
48479,269624.0
48481,41430.0
48483,5599.0
48485,131778.0
48487,12972.0
48489,21839.0
48491,508313.0
48493,47205.0
48495,7777.0
48497,63247.0
48499,43315.0
48501,8481.0
48503,18166.0
48505,14415.0
48507,12152.0
49001,6414.0
49003,52182.0
49005,120288.0
49007,20512.0
49009,702.0
49011,334977.0
49013,20259.0
49015,10410.0
49017,5020.0
49019,9544.0
49021,48504.0
49023,10694.0
49025,7246.0
49027,12651.0
49029,11014.0
49031,1860.0
49033,2307.0
49035,1106700.0
49037,15193.0
49039,28892.0
49041,20961.0
49043,39731.0
49045,63357.0
49047,36343.0
49049,576496.0
49051,29306.0
49053,155577.0
49055,2700.0
49057,244101.0
50001,36825.0
50003,36054.0
50005,30576.0
50007,160985.0
50009,6203.0
50011,48816.0
50013,6950.0
50015,25191.0
50017,28901.0
50019,26951.0
50021,59676.0
50023,58691.0
50025,43332.0
50027,55485.0
51001,32840.0
51003,105105.0
51005,15489.0
51007,12802.0
51009,31819.0
51011,15462.0
51013,229534.0
51015,74390.0
51017,4458.0
51019,77319.0
51021,6524.0
51023,33149.0
51025,16435.0
51027,22611.0
51029,17048.0
51031,55158.0
51033,29889.0
51035,29767.0
51036,7022.0
51037,12176.0
51041,335594.0
51043,14331.0
51045,5131.0
51047,49795.0
51049,9797.0
51051,15181.0
51053,28033.0
51057,11083.0
51059,1142004.0
51061,68406.0
51063,15594.0
51065,26109.0
51067,56277.0
51069,83784.0
51071,16867.0
51073,37035.0
51075,22148.0
51077,15708.0
51079,19213.0
51081,11606.0
51083,35030.0
51085,103218.0
51087,324073.0
51089,51956.0
51091,2213.0
51093,36090.0
51095,73028.0
51097,7052.0
51099,25564.0
51101,16329.0
51103,10848.0
51105,24428.0
51107,374558.0
51109,34813.0
51111,12369.0
51113,13108.0
51115,8830.0
51117,30959.0
51119,10710.0
51121,97692.0
51125,14863.0
51127,20523.0
51131,11998.0
51133,12254.0
51135,15537.0
51137,35265.0
51139,23694.0
51141,17958.0
51143,61970.0
51145,28364.0
51147,22903.0
51149,37704.0
51153,450763.0
51155,34330.0
51157,7359.0
51159,8873.0
51161,93419.0
51163,22440.0
51165,78653.0
51167,27725.0
51169,22290.0
51171,42854.0
51173,31298.0
51175,18089.0
51177,130159.0
51179,141159.0
51181,6670.0
51183,11595.0
51185,42689.0
51187,38991.0
51191,54457.0
51193,17596.0
51195,39539.0
51197,29048.0
51199,67196.0
51510,154710.0
51515,6223.648
51520,17077.0
51530,6495.0
51540,46487.0
51550,235410.0
51570,17582.0
51580,5675.0
51590,41911.0
51595,5495.0
51600,23580.0
51610,13843.0
51620,8334.0
51630,28135.0
51640,6788.0
51650,136255.0
51660,53064.0
51670,22353.0
51678,7113.0
51680,79237.0
51683,41379.0
51685,16117.0
51690,13256.0
51700,180775.0
51710,245752.0
51720,4043.0
51730,32037.0
51735,12022.0
51740,95536.0
51750,17380.0
51760,220892.0
51770,99572.0
51775,25521.0
51790,24273.0
51800,88057.0
51810,450057.0
51820,21620.0
51830,14817.0
51840,27516.0
53001,19261.0
53003,22259.0
53005,190529.0
53007,75138.0
53009,73439.0
53011,457474.0
53013,3999.0
53015,103590.0
53017,40585.0
53019,7568.0
53021,89124.0
53023,2226.0
53025,93420.0
53027,71454.0
53029,80323.0
53031,30524.0
53033,2118119.0
53035,258903.0
53037,43726.0
53039,21172.0
53041,76012.0
53043,10344.0
53045,61569.0
53047,41377.0
53049,20940.0
53051,13066.0
53053,845193.0
53055,16221.0
53057,121725.0
53059,11498.0
53061,771904.0
53063,490764.0
53065,43858.0
53067,269885.0
53069,4105.0
53071,59862.0
53073,212738.0
53075,47794.0
53077,248279.0
54001,16790.0
54003,111610.0
54005,23236.0
54007,14345.0
54009,23067.0
54011,96100.0
54013,7450.0
54015,8901.0
54017,8570.0
54019,44602.0
54021,8305.0
54023,11673.0
54025,35523.0
54027,23412.0
54029,29921.0
54031,13812.0
54033,68438.0
54035,29123.0
54037,55673.0
54039,187827.0
54041,16371.0
54043,21241.0
54045,34428.0
54047,19707.0
54049,56575.0
54051,32006.0
54053,27000.0
54055,60963.0
54057,27421.0
54059,25150.0
54061,103715.0
54063,13517.0
54065,17510.0
54067,25496.0
54069,42906.0
54071,7138.0
54073,7527.0
54075,8574.0
54077,33760.0
54079,56644.0
54081,77097.0
54083,29152.0
54085,10005.0
54087,14348.0
54089,13210.0
54091,16977.0
54093,7035.0
54095,8949.0
54097,24604.0
54099,41063.0
54101,8637.0
54103,15793.0
54105,5800.0
54107,86016.0
54109,22130.0
55001,20111.0
55003,15779.0
55005,45358.0
55007,15004.0
55009,258004.0
55011,13243.0
55013,15239.0
55015,49737.0
55017,63445.0
55019,34513.0
55021,56790.0
55023,16313.0
55025,522837.0
55027,87833.0
55029,27443.0
55031,43503.0
55033,44260.0
55035,102388.0
55037,4354.0
55039,102082.0
55041,9035.0
55043,51742.0
55045,36869.0
55047,18745.0
55049,23576.0
55051,5748.0
55053,20531.0
55055,84586.0
55057,26427.0
55059,167886.0
55061,20378.0
55063,117582.0
55065,16755.0
55067,19190.0
55069,27994.0
55071,79680.0
55073,135293.0
55075,40712.0
55077,15164.0
55078,4506.0
55079,956586.0
55081,45303.0
55083,37465.0
55085,35352.0
55087,183288.0
55089,87817.0
55091,7282.0
55093,41226.0
55095,43328.0
55097,70371.0
55099,13566.0
55101,195101.0
55103,17626.0
55105,161226.0
55107,14211.0
55109,87142.0
55111,63340.0
55113,16384.0
55115,41136.0
55117,115094.0
55119,20344.0
55121,29510.0
55123,30378.0
55125,21465.0
55127,102917.0
55129,15638.0
55131,133967.0
55133,396731.0
55135,51651.0
55137,24170.0
55139,169540.0
55141,73427.0
56001,37944.0
56003,11920.0
56005,48116.0
56007,15689.0
56009,14166.0
56011,7347.0
56013,40354.0
56015,13479.0
56017,4741.0
56019,8562.0
56021,97031.0
56023,18791.0
56025,81023.0
56027,2479.0
56029,29276.0
56031,8703.0
56033,29964.0
56035,10037.0
56037,44527.0
56039,22923.0
56041,20758.0
56043,8253.0
56045,7117.0
72001,19480.149
72003,41956.0
72005,60950.305
72007,28654.208
72009,25899.632
72011,29263.192
72013,96439.91500000001
72015,19577.542999999998
72017,24812.844
72019,30314.675
72021,208095.696
72023,50912.695
72025,142901.96
72027,35156.475
72029,47654.92599999999
72031,176761.59600000002
72033,28113.624
72035,48113.145
72037,13634.279999999999
72039,18781.419
72041,43479.742
72043,40510.593
72045,20777.44
72047,37138.068
72049,1817.368
72051,38167.77
72053,36987.582
72054,12680.577000000001
72055,19425.314999999995
72057,45363.02
72059,21578.835000000003
72061,97928.30599999998
72063,45374.241
72065,41951.298
72067,17243.604
72069,58461.4
72071,45628.03
72073,16640.861
72075,50749.731999999996
72077,40291.29
72079,25754.520000000004
72081,30755.725000000002
72083,9879.315999999999
72085,38674.020000000004
72087,30066.114
72089,20067.274999999998
72091,44114.575000000004
72093,6276.668
72095,12226.920999999998
72097,89087.845
72099,40105.878000000004
72101,32608.042999999998
72103,26718.552
72105,30400.3
72107,23424.884
72109,19277.760000000002
72111,24282.204
72113,166321.668
72115,25916.436
72117,15201.702
72119,54303.39599999999
72121,25263.733
72123,31077.760000000002
72125,35528.549999999996
72127,395351.055
72129,41059.341
72131,42428.05
72133,23273.082000000002
72135,74075.33
72137,89606.468
72139,74827.34400000001
72141,33150.76
72143,39953.384
72145,59668.445999999996
72147,9301.064
72149,26074.224000000002
72151,37940.312000000005
72153,42039.135
